0 64615 3 
0 76893 1 
0 73841 1 
0 129533 2 
0 104160 2 
0 58231 7 
0 13638 2 
0 73195 1 
0 121658 1 
0 41721 2 
0 44766 2 
0 92125 3 
0 136734 1 
0 131083 5 
0 71036 11 
0 18308 2 
0 19928 2 
0 123887 2 
0 66445 4 
0 98304 4 
0 63713 1 
0 707 1 
0 93299 3 
0 101083 3 
0 83171 1 
0 36396 1 
0 99237 5 
0 57861 1 
0 4167 2 
0 128837 1 
0 5153 3 
0 116906 1 
0 93158 1 
0 39372 2 
0 91633 1 
0 126978 1 
0 108124 2 
0 90145 2 
0 77417 2 
0 40774 1 
0 97340 1 
0 42975 1 
0 81803 1 
0 44428 1 
0 86630 1 
0 121769 2 
0 124797 1 
0 14373 1 
0 23651 1 
0 70786 1 
0 5916 1 
0 114310 1 
0 89517 4 
0 25011 1 
0 32509 1 
0 78632 1 
0 20893 8 
0 69754 2 
0 105571 1 
0 138658 2 
0 73565 1 
0 117428 2 
0 69068 3 
0 55408 2 
0 72923 2 
0 100374 2 
0 23590 1 
0 17043 1 
0 65758 1 
0 111375 1 
0 115570 1 
0 51246 2 
0 129735 6 
0 127240 1 
0 47250 1 
0 109370 5 
0 134168 1 
0 32161 1 
0 107887 3 
0 105005 1 
0 29604 1 
0 121637 1 
0 139947 1 
0 18548 1 
0 119892 1 
0 22379 1 
0 122445 1 
0 45360 1 
0 62633 2 
0 37392 1 
0 76878 2 
0 103637 1 
0 88554 4 
0 102064 1 
0 94600 1 
0 132987 1 
0 52923 1 
0 93032 1 
0 100817 1 
0 22231 1 
0 93616 1 
0 65895 1 
0 104115 1 
0 52060 1 
0 90077 1 
0 92878 1 
0 104013 1 
0 3199 1 
0 81934 1 
0 129971 1 
0 111176 1 
0 109010 3 
0 110256 1 
0 136167 1 
0 48927 1 
0 126027 2 
0 32428 1 
0 41932 1 
0 79338 1 
0 8157 1 
0 135439 1 
0 6812 1 
0 125914 1 
0 41762 1 
0 23974 1 
0 37687 1 
0 93817 1 
0 72917 1 
0 53495 1 
0 109037 1 
0 26107 1 
0 112137 1 
0 39164 2 
0 117492 1 
0 120279 1 
0 58997 1 
0 21205 1 
0 61705 1 
0 24339 1 
0 35976 1 
0 100859 1 
0 125422 1 
0 101375 1 
0 121751 1 
0 55956 1 
0 55394 1 
0 64192 1 
0 136975 2 
0 27391 1 
0 19971 1 
0 34092 1 
0 7867 4 
0 80005 1 
0 134478 1 
0 42818 1 
0 55642 1 
0 137045 1 
0 36128 1 
0 63686 1 
0 33940 2 
0 85659 1 
0 45134 1 
0 93947 1 
0 19956 1 
0 64190 1 
0 83698 1 
0 62060 1 
0 59173 1 
0 65146 2 
0 213 6 
0 130048 1 
0 61946 1 
0 82186 1 
0 57919 1 
0 130508 1 
0 81810 1 
0 16316 1 
0 32867 1 
0 97892 1 
0 34582 1 
0 85974 1 
0 97480 2 
0 36726 1 
0 128164 1 
0 60561 1 
0 112350 1 
0 88409 1 
0 123525 2 
0 26416 1 
0 6025 2 
0 82452 2 
0 93023 1 
0 59975 1 
0 133496 1 
0 107101 1 
0 37239 1 
0 7042 1 
0 111337 2 
0 59943 1 
0 83755 2 
0 113223 1 
0 11466 1 
0 30242 1 
0 57667 1 
0 124924 1 
0 117060 1 
0 113569 2 
0 125902 2 
0 94183 1 
0 132876 1 
0 116614 1 
0 42448 1 
0 136886 1 
0 1625 1 
0 44768 1 
0 81162 1 
0 114907 1 
0 4707 1 
0 55973 1 
0 83715 1 
0 117007 1 
0 3775 2 
0 109495 1 
0 117655 2 
0 47002 1 
0 67664 1 
0 35082 1 
0 93987 1 
0 19624 1 
0 109157 1 
0 75764 1 
0 110438 2 
0 94618 1 
0 112754 1 
0 106758 1 
0 96631 1 
0 43018 1 
0 34094 1 
0 125627 2 
0 66753 2 
0 61658 2 
0 6276 1 
0 114819 2 
0 96680 1 
0 67076 1 
0 116685 1 
0 40195 1 
0 68274 1 
0 20559 1 
0 62502 2 
0 77247 1 
0 117172 1 
0 86044 1 
0 7784 1 
0 85296 1 
0 99862 1 
0 59883 1 
0 95446 1 
0 83095 1 
0 98609 1 
0 20972 1 
0 17429 1 
0 102037 1 
0 66073 1 
0 127735 1 
0 134947 1 
0 59300 1 
0 127731 1 
0 107954 1 
0 59380 1 
0 62860 2 
0 12683 1 
0 111392 4 
0 90990 3 
0 36801 1 
0 61532 1 
0 90062 1 
0 102468 1 
0 49939 1 
0 43889 1 
0 86050 1 
0 49846 1 
0 133771 1 
0 49811 1 
0 133640 1 
0 112314 1 
0 135006 1 
0 108172 1 
0 70826 1 
0 15690 1 
0 45897 2 
0 77837 1 
0 109304 1 
0 2163 1 
0 116991 1 
0 55601 1 
0 15772 1 
0 128066 1 
0 112245 1 
0 126415 1 
0 105641 1 
0 63610 1 
0 64431 1 
0 82921 2 
0 52194 1 
0 126132 1 
0 65358 1 
0 114122 1 
0 9335 1 
0 135258 1 
0 109749 1 
0 75174 1 
0 109430 1 
0 124377 1 
0 51247 1 
0 52114 1 
0 43180 1 
0 74445 1 
0 64544 2 
0 50678 1 
0 109841 1 
0 110044 1 
0 98513 1 
0 46491 1 
0 88991 1 
0 109496 1 
0 14971 1 
0 119922 1 
0 119001 1 
0 101908 1 
0 116120 1 
0 19535 1 
0 112091 1 
0 24905 1 
0 104140 1 
0 58810 1 
0 95643 1 
0 70935 1 
0 128561 1 
0 75151 1 
0 7440 1 
0 4808 1 
0 55010 1 
0 137474 1 
0 75725 1 
0 110528 1 
0 119355 1 
0 3135 1 
0 49333 1 
0 76970 1 
0 96911 1 
0 121911 1 
0 97088 1 
0 69902 1 
0 1549 1 
