0 117346 1 
0 72372 2 
0 12812 3 
0 85974 4 
0 50190 1 
0 3761 1 
0 70372 2 
0 30864 1 
0 66289 1 
0 93299 1 
0 129434 1 
0 13638 1 
0 107831 1 
0 77968 1 
0 71898 1 
0 49939 1 
0 96680 1 
0 15758 1 
0 107954 3 
0 25326 1 
0 92878 1 
0 41508 1 
0 43450 1 
0 114122 1 
0 77995 1 
0 23974 2 
0 97423 1 
0 61254 1 
0 72465 1 
0 82779 1 
0 111550 1 
0 36555 1 
0 119277 1 
0 75240 2 
0 87003 1 
0 39164 1 
0 53960 1 
0 24831 1 
0 105236 1 
0 88554 1 
0 126978 1 
0 14913 1 
0 92514 1 
0 36081 1 
0 34968 1 
0 105067 1 
0 17373 1 
0 43367 1 
0 95626 1 
0 82844 1 
0 121831 1 
0 122437 1 
