0 26 3 
0 149 1 
0 10164 1 
0 306 2 
0 77 2 
0 222 2 
0 2486 1 
0 4952 1 
0 3759 2 
0 119 2 
0 123 3 
0 12842 1 
0 1110 5 
0 3870 11 
0 95 2 
0 335 2 
0 1497 2 
0 131 4 
0 156 4 
0 2917 1 
0 755 1 
0 102 3 
0 907 3 
0 26196 1 
0 193 5 
0 1430 1 
0 40554 2 
0 301 1 
0 19 3 
0 688 1 
0 683 1 
0 423 2 
0 841 1 
0 169 1 
0 1686 2 
0 3113 2 
0 26736 1 
0 2432 1 
0 1012 1 
0 1071 1 
0 1600 1 
0 2174 1 
0 1231 2 
0 3648 1 
0 5090 1 
0 356 1 
0 679 1 
0 1074 1 
0 111 1 
0 84 4 
0 195 1 
0 1267 1 
0 3397 1 
0 1648 8 
0 718 2 
0 7472 1 
0 1413 2 
0 331 1 
0 90 2 
0 53 3 
0 6861 2 
0 1208 2 
0 5556 2 
0 7490 1 
0 3254 1 
0 1704 1 
0 261 1 
0 1991 1 
0 911 2 
0 13390 6 
0 8889 1 
0 648 1 
0 396 5 
0 6673 1 
0 6516 1 
0 55 3 
0 15782 1 
0 270 1 
0 21176 1 
0 39422 1 
0 27795 1 
0 447 1 
0 43280 1 
0 65360 1 
0 638 1 
0 789 2 
0 2375 1 
0 138 2 
0 12324 1 
0 57585 4 
0 709 1 
0 777 1 
0 377 1 
0 581 1 
0 819 1 
0 227 1 
0 256 1 
0 9592 1 
0 16507 1 
0 637 1 
0 58157 1 
0 1002 1 
0 200 1 
0 9877 1 
0 326 1 
0 23026 1 
0 568 1 
0 601 1 
0 64 3 
0 8071 1 
0 9667 1 
0 3298 1 
0 792 2 
0 259 1 
0 7070 1 
0 235 1 
0 5094 1 
0 34327 1 
0 8591 1 
0 1646 1 
0 115 1 
0 135 1 
0 7406 1 
0 4315 1 
0 2123 1 
0 3607 1 
0 866 1 
0 838 1 
0 491 1 
0 211 2 
0 627 1 
0 761 1 
0 749 1 
0 580 1 
0 14029 1 
0 179 1 
0 417 1 
0 1044 1 
0 1160 1 
0 170 1 
0 940 1 
0 10338 1 
0 17235 1 
0 43468 1 
0 328 2 
0 38357 1 
0 3723 1 
0 811 1 
0 586 4 
0 58 1 
0 2185 1 
0 83 1 
0 827 1 
0 336 1 
0 221 1 
0 32334 1 
0 127 2 
0 5235 1 
0 10703 1 
0 19559 1 
0 453 1 
0 1813 1 
0 355 1 
0 919 1 
0 105 1 
0 26764 2 
0 4695 6 
0 2431 1 
0 309 1 
0 6096 1 
0 553 1 
0 463 1 
0 5218 1 
0 9926 1 
0 928 1 
0 10202 1 
0 500 1 
0 48 1 
0 1400 2 
0 3674 1 
0 2368 1 
0 1560 1 
0 1609 1 
0 349 1 
0 1297 2 
0 5087 1 
0 36 2 
0 685 2 
0 1040 1 
0 859 1 
0 2923 1 
0 805 1 
0 3428 1 
0 2124 1 
0 4382 2 
0 3536 1 
0 1328 2 
0 3327 1 
0 26961 1 
0 582 1 
0 42262 1 
0 1603 1 
0 1986 1 
0 4023 2 
0 469 2 
0 6120 1 
0 29009 1 
0 14467 1 
0 175 1 
0 669 1 
0 2314 1 
0 1590 1 
0 232 1 
0 16198 1 
0 244 1 
0 622 1 
0 2190 1 
0 957 1 
0 177 2 
0 2381 1 
0 689 2 
0 2089 1 
0 110 1 
0 671 1 
0 30217 1 
0 594 1 
0 3239 1 
0 1126 1 
0 2008 2 
0 312 1 
0 26724 1 
0 471 1 
0 2122 1 
0 4877 1 
0 81466 1 
0 324 2 
0 1962 2 
0 539 2 
0 779 1 
0 655 2 
0 490 1 
0 318 1 
0 4071 1 
0 52396 1 
0 3606 1 
0 479 1 
0 393 2 
0 3625 1 
0 3202 1 
0 3476 1 
0 16851 1 
0 1337 1 
0 33142 1 
0 716 1 
0 1472 1 
0 2416 1 
0 6532 1 
0 15604 1 
0 237 1 
0 6859 1 
0 574 1 
0 230 1 
0 422 1 
0 38568 1 
0 269 1 
0 835 1 
0 184 2 
0 762 1 
0 1094 4 
0 1259 3 
0 489 1 
0 141 1 
0 1178 1 
0 413 1 
0 94 1 
0 1049 1 
0 3694 1 
0 705 1 
0 3245 1 
0 1272 1 
0 964 1 
0 354 1 
0 2569 1 
0 1974 1 
0 518 1 
0 830 2 
0 6348 1 
0 25993 1 
0 6178 1 
0 1258 1 
0 618 1 
0 15441 1 
0 28302 1 
0 65074 1 
0 7358 1 
0 3069 1 
0 589 1 
0 4227 1 
0 9995 2 
0 958 1 
0 57 1 
0 1624 1 
0 171 1 
0 1552 1 
0 166 1 
0 12572 1 
0 27266 1 
0 8965 1 
0 1494 1 
0 790 1 
0 9635 1 
0 12730 1 
0 1441 1 
0 26784 2 
0 4633 1 
0 287 1 
0 1030 1 
0 20609 1 
0 619 1 
0 2275 1 
0 730 1 
0 3995 1 
0 11460 1 
0 11409 1 
0 15814 1 
0 543 1 
0 225 1 
0 294 1 
0 150 1 
0 70795 1 
0 317 1 
0 164 1 
0 4825 1 
0 5610 1 
0 885 1 
0 597 1 
0 22780 1 
0 4669 1 
0 6568 1 
0 21099 1 
0 6050 1 
0 3010 1 
0 1306 1 
0 2348 1 
0 936 1 
0 1212 1 
0 4321 1 
0 3175 1 
0 432 1 
0 1278 1 
1 100 1 
1 156 1 
1 1606 2 
1 213 1 
1 1856 1 
1 574 1 
1 1715 1 
1 228 1 
1 90 1 
1 422 1 
1 119 2 
1 216 1 
1 77 1 
1 306 1 
1 1784 1 
1 152 1 
1 451 1 
1 5602 1 
1 222 1 
1 230 1 
1 95 1 
1 358 1 
1 57585 2 
1 443 1 
1 333 1 
1 53 1 
1 4654 1 
1 62 1 
1 883 1 
1 773 1 
1 177 1 
1 796 1 
1 12335 1 
1 402 1 
1 257 1 
1 259 1 
1 1133 1 
1 2017 1 
1 2228 1 
1 75 1 
1 3120 1 
1 93 1 
1 74 2 
1 211 2 
1 701 1 
1 638 1 
1 3892 1 
1 64 1 
1 362 1 
1 141 1 
1 127 1 
1 225 1 
1 102 1 
1 620 1 
1 153 1 
1 389 1 
1 161 1 
1 26 3 
1 231 1 
1 15895 1 
1 55736 1 
1 897 1 
1 1396 1 
1 101 1 
1 2018 1 
1 170 1 
1 1164 1 
1 72625 1 
1 132 1 
1 459 1 
1 131 1 
