0 198 1 
0 408 2 
0 118 3 
0 48 4 
0 282 1 
0 252 1 
0 488 2 
0 229 1 
0 2401 1 
0 102 1 
0 71 1 
0 222 1 
0 3208 1 
0 178 1 
0 474 1 
0 413 1 
0 490 1 
0 818 1 
0 342 1 
0 200 1 
0 163 1 
0 171 1 
0 135 2 
0 4812 1 
0 2496 1 
0 3300 1 
0 7843 1 
0 23412 1 
0 3547 1 
0 615 1 
0 153 1 
0 211 1 
0 798 1 
0 738 1 
0 352 1 
0 57585 1 
0 169 1 
0 588 1 
0 1107 1 
0 795 1 
0 834 1 
0 1564 1 
0 1613 1 
0 380 1 
0 431 1 
0 712 1 
0 304 1 
0 144 1 
1 2969 4 
1 304 4 
1 182 1 
1 115 1 
1 127 1 
1 202 1 
1 3070 1 
1 55 3 
1 2218 2 
1 75 4 
1 5187 1 
1 6503 2 
1 131 1 
1 1712 1 
1 6501 1 
1 530 1 
1 866 1 
1 162 1 
1 1285 1 
1 7008 1 
1 19 3 
1 1578 1 
1 358 1 
1 26 4 
1 106 1 
1 4270 1 
1 16321 1 
1 5969 2 
1 242 1 
1 4536 1 
1 186 1 
1 1846 1 
1 112 2 
1 559 2 
1 710 1 
1 84 2 
1 801 1 
1 62 1 
1 4922 1 
1 169 2 
1 36 3 
1 90 1 
1 1863 1 
1 54208 1 
1 57 1 
1 684 1 
1 61 1 
1 179 1 
1 2997 1 
1 7962 2 
1 4370 1 
1 442 1 
1 256 1 
1 93 1 
1 600 1 
1 729 1 
1 350 1 
1 4151 1 
1 10613 1 
1 9011 2 
1 286 5 
1 2721 1 
1 57585 4 
1 448 1 
1 181 3 
1 547 2 
1 795 1 
1 761 1 
1 313 2 
1 1513 1 
1 4702 1 
1 3255 1 
1 2888 2 
1 609 1 
1 671 1 
1 437 1 
1 797 1 
1 1378 1 
1 303 1 
1 484 1 
1 8000 1 
1 121 1 
1 1767 1 
1 204 2 
1 201 1 
1 34220 1 
1 3740 1 
1 218 1 
1 374 1 
1 2300 1 
1 1416 1 
1 1974 1 
1 10981 1 
1 64 1 
1 252 1 
1 227 1 
1 594 1 
1 60768 1 
1 512 1 
1 107 1 
1 176 1 
1 272 1 
1 6221 1 
1 1487 1 
1 294 1 
1 40385 1 
1 346 1 
1 342 1 
1 3731 1 
1 339 1 
1 138 1 
1 157 1 
1 48 1 
1 1625 1 
1 6734 1 
