0 64615 3 
0 76893 1 
0 73841 1 
0 129533 2 
0 104160 2 
0 58231 7 
0 13638 2 
0 73195 1 
0 121658 1 
0 41721 2 
0 44766 2 
0 92125 3 
0 136734 1 
0 131083 5 
0 71036 11 
0 18308 2 
0 19928 2 
0 123887 2 
0 66445 4 
0 98304 4 
0 63713 1 
0 707 1 
0 93299 3 
0 101083 3 
0 83171 1 
0 36396 1 
0 99237 5 
0 57861 1 
0 4167 2 
0 128837 1 
0 5153 3 
0 116906 1 
0 93158 1 
0 39372 2 
0 91633 1 
0 126978 1 
0 108124 2 
0 90145 2 
0 77417 2 
0 40774 1 
0 97340 1 
0 42975 1 
0 81803 1 
0 44428 1 
0 86630 1 
0 121769 2 
0 124797 1 
0 14373 1 
0 23651 1 
0 70786 1 
0 5916 1 
0 114310 1 
0 89517 4 
0 25011 1 
0 32509 1 
0 78632 1 
0 20893 8 
0 69754 2 
0 105571 1 
0 138658 2 
0 73565 1 
0 117428 2 
0 69068 3 
0 55408 2 
0 72923 2 
0 100374 2 
0 23590 1 
0 17043 1 
0 65758 1 
0 111375 1 
0 115570 1 
0 51246 2 
0 129735 6 
0 127240 1 
0 47250 1 
0 109370 5 
0 134168 1 
0 32161 1 
0 107887 3 
0 105005 1 
0 29604 1 
0 121637 1 
0 139947 1 
0 18548 1 
0 119892 1 
0 22379 1 
0 122445 1 
0 45360 1 
0 62633 2 
0 37392 1 
0 76878 2 
0 103637 1 
0 88554 4 
0 102064 1 
0 94600 1 
0 132987 1 
0 52923 1 
0 93032 1 
0 100817 1 
0 22231 1 
0 93616 1 
0 65895 1 
0 104115 1 
0 52060 1 
0 90077 1 
0 92878 1 
0 104013 1 
0 3199 1 
0 81934 1 
0 129971 1 
0 111176 1 
0 109010 3 
0 110256 1 
0 136167 1 
0 48927 1 
0 126027 2 
0 32428 1 
0 41932 1 
0 79338 1 
0 8157 1 
0 135439 1 
0 6812 1 
0 125914 1 
0 41762 1 
0 23974 1 
0 37687 1 
0 93817 1 
0 72917 1 
0 53495 1 
0 109037 1 
0 26107 1 
0 112137 1 
0 39164 2 
0 117492 1 
0 120279 1 
0 58997 1 
0 21205 1 
0 61705 1 
0 24339 1 
0 35976 1 
0 100859 1 
0 125422 1 
0 101375 1 
0 121751 1 
0 55956 1 
0 55394 1 
0 64192 1 
0 136975 2 
0 27391 1 
0 19971 1 
0 34092 1 
0 7867 4 
0 80005 1 
0 134478 1 
0 42818 1 
0 55642 1 
0 137045 1 
0 36128 1 
0 63686 1 
0 33940 2 
0 85659 1 
0 45134 1 
0 93947 1 
0 19956 1 
0 64190 1 
0 83698 1 
0 62060 1 
0 59173 1 
0 65146 2 
0 213 6 
0 130048 1 
0 61946 1 
0 82186 1 
0 57919 1 
0 130508 1 
0 81810 1 
0 16316 1 
0 32867 1 
0 97892 1 
0 34582 1 
0 85974 1 
0 97480 2 
0 36726 1 
0 128164 1 
0 60561 1 
0 112350 1 
0 88409 1 
0 123525 2 
0 26416 1 
0 6025 2 
0 82452 2 
0 93023 1 
0 59975 1 
0 133496 1 
0 107101 1 
0 37239 1 
0 7042 1 
0 111337 2 
0 59943 1 
0 83755 2 
0 113223 1 
0 11466 1 
0 30242 1 
0 57667 1 
0 124924 1 
0 117060 1 
0 113569 2 
0 125902 2 
0 94183 1 
0 132876 1 
0 116614 1 
0 42448 1 
0 136886 1 
0 1625 1 
0 44768 1 
0 81162 1 
0 114907 1 
0 4707 1 
0 55973 1 
0 83715 1 
0 117007 1 
0 3775 2 
0 109495 1 
0 117655 2 
0 47002 1 
0 67664 1 
0 35082 1 
0 93987 1 
0 19624 1 
0 109157 1 
0 75764 1 
0 110438 2 
0 94618 1 
0 112754 1 
0 106758 1 
0 96631 1 
0 43018 1 
0 34094 1 
0 125627 2 
0 66753 2 
0 61658 2 
0 6276 1 
0 114819 2 
0 96680 1 
0 67076 1 
0 116685 1 
0 40195 1 
0 68274 1 
0 20559 1 
0 62502 2 
0 77247 1 
0 117172 1 
0 86044 1 
0 7784 1 
0 85296 1 
0 99862 1 
0 59883 1 
0 95446 1 
0 83095 1 
0 98609 1 
0 20972 1 
0 17429 1 
0 102037 1 
0 66073 1 
0 127735 1 
0 134947 1 
0 59300 1 
0 127731 1 
0 107954 1 
0 59380 1 
0 62860 2 
0 12683 1 
0 111392 4 
0 90990 3 
0 36801 1 
0 61532 1 
0 90062 1 
0 102468 1 
0 49939 1 
0 43889 1 
0 86050 1 
0 49846 1 
0 133771 1 
0 49811 1 
0 133640 1 
0 112314 1 
0 135006 1 
0 108172 1 
0 70826 1 
0 15690 1 
0 45897 2 
0 77837 1 
0 109304 1 
0 2163 1 
0 116991 1 
0 55601 1 
0 15772 1 
0 128066 1 
0 112245 1 
0 126415 1 
0 105641 1 
0 63610 1 
0 64431 1 
0 82921 2 
0 52194 1 
0 126132 1 
0 65358 1 
0 114122 1 
0 9335 1 
0 135258 1 
0 109749 1 
0 75174 1 
0 109430 1 
0 124377 1 
0 51247 1 
0 52114 1 
0 43180 1 
0 74445 1 
0 64544 2 
0 50678 1 
0 109841 1 
0 110044 1 
0 98513 1 
0 46491 1 
0 88991 1 
0 109496 1 
0 14971 1 
0 119922 1 
0 119001 1 
0 101908 1 
0 116120 1 
0 19535 1 
0 112091 1 
0 24905 1 
0 104140 1 
0 58810 1 
0 95643 1 
0 70935 1 
0 128561 1 
0 75151 1 
0 7440 1 
0 4808 1 
0 55010 1 
0 137474 1 
0 75725 1 
0 110528 1 
0 119355 1 
0 3135 1 
0 49333 1 
0 76970 1 
0 96911 1 
0 121911 1 
0 97088 1 
0 69902 1 
0 1549 1 
1 136668 1 
1 98304 1 
1 134132 2 
1 107954 4 
1 892 1 
1 5585 1 
1 66073 1 
1 80616 1 
1 47782 1 
1 117428 1 
1 134947 1 
1 44766 2 
1 89461 1 
1 104160 1 
1 129533 1 
1 130947 1 
1 126480 1 
1 82663 1 
1 33523 1 
1 13638 1 
1 127735 1 
1 18308 1 
1 35470 1 
1 88554 2 
1 4703 1 
1 58231 1 
1 98512 1 
1 69068 1 
1 74935 1 
1 105129 1 
1 29533 1 
1 16336 1 
1 3775 1 
1 106235 1 
1 56171 1 
1 6737 1 
1 136425 1 
1 32428 1 
1 50264 1 
1 225 1 
1 23414 1 
1 70798 1 
1 55318 1 
1 56612 1 
1 64632 2 
1 39164 2 
1 26306 1 
1 45360 1 
1 52197 1 
1 109010 1 
1 96532 1 
1 90062 1 
1 33940 1 
1 19535 1 
1 93299 1 
1 63949 1 
1 87003 1 
1 31352 1 
1 54075 1 
1 64615 3 
1 77270 1 
1 119930 1 
1 84904 1 
1 70464 1 
1 55926 1 
1 100371 1 
1 20721 1 
1 101375 1 
1 45678 1 
1 134867 1 
1 118990 1 
1 78003 1 
1 66445 1 
2 99079 1 
2 37869 1 
2 70798 1 
2 124412 1 
2 20466 1 
2 38973 1 
2 58231 2 
2 33745 1 
2 48523 1 
2 130484 1 
2 121755 1 
2 53840 1 
2 36128 1 
2 40978 1 
2 41725 3 
2 11786 3 
2 52704 1 
2 44766 1 
2 124624 1 
2 14144 1 
2 69754 1 
2 136886 1 
2 64615 2 
2 31352 1 
2 129297 1 
2 126480 1 
2 37677 1 
2 134123 1 
2 24857 1 
2 125902 2 
2 106693 1 
2 39164 1 
2 27558 1 
2 124817 1 
2 20878 2 
2 75574 1 
2 65881 1 
2 113783 1 
2 53291 1 
2 121611 1 
2 99463 1 
2 61447 1 
2 85877 1 
2 111821 1 
2 77993 1 
2 52103 1 
2 33568 1 
2 111548 1 
2 5153 3 
2 92613 1 
2 138450 1 
2 43889 1 
2 9289 1 
2 129434 1 
2 93778 1 
2 137045 1 
2 53537 1 
2 30839 2 
2 43124 1 
2 31518 1 
2 139554 1 
2 51025 1 
2 60924 1 
2 50512 1 
2 19956 1 
2 66142 1 
2 25439 1 
2 59206 1 
2 75240 1 
2 109010 1 
2 99080 1 
2 114310 1 
2 80172 1 
2 13770 1 
2 81195 1 
2 91614 1 
2 73076 1 
2 136430 1 
2 103027 1 
2 81491 1 
2 124897 1 
2 18893 1 
2 3135 1 
2 6611 1 
2 88554 1 
2 26864 1 
2 77417 2 
2 75535 1 
2 51400 2 
2 34965 1 
2 93879 1 
2 66407 1 
2 97417 1 
2 34973 1 
2 131976 2 
2 33962 1 
2 83361 1 
2 89750 1 
2 96592 1 
2 60745 1 
2 10990 1 
2 131324 1 
2 119079 1 
2 69875 1 
2 110528 1 
2 107844 1 
2 106268 1 
2 89700 1 
2 9820 1 
2 88687 1 
2 101078 1 
2 19928 1 
2 129734 1 
2 63199 1 
2 87273 2 
2 103795 1 
2 20691 1 
2 22231 1 
2 50858 1 
2 56329 1 
2 753 1 
3 45618 1 
3 107954 2 
3 126978 1 
3 85800 1 
3 67076 1 
3 96263 5 
3 39292 1 
3 89461 1 
3 29755 1 
3 99977 1 
3 59173 1 
3 89517 2 
3 36801 2 
3 48768 1 
3 64615 1 
3 98212 1 
3 135258 1 
3 20618 1 
3 85457 1 
3 95858 2 
3 112390 2 
3 61161 1 
3 26286 2 
3 36128 1 
3 58231 2 
3 123259 1 
3 69068 1 
3 55973 1 
3 100371 1 
3 26610 1 
3 90227 1 
3 4959 1 
3 6613 2 
3 138496 1 
3 136547 1 
3 6511 1 
3 47472 1 
3 75893 1 
3 62333 1 
3 130308 1 
3 139764 2 
3 111375 1 
3 43133 1 
3 91633 1 
3 80005 1 
3 5153 1 
3 71042 1 
3 91486 1 
3 72178 1 
3 3775 1 
3 56612 1 
3 124052 1 
3 88554 3 
3 44766 1 
3 130542 2 
3 16185 1 
3 45499 1 
3 50264 1 
3 65881 1 
3 6025 2 
3 17464 1 
3 117428 1 
3 73481 1 
3 124897 1 
3 99237 1 
3 70115 1 
3 67664 2 
3 104656 1 
3 32088 2 
3 37811 1 
3 110180 2 
3 123360 2 
3 85394 1 
3 109841 1 
3 43889 1 
3 77417 1 
3 53668 1 
3 73962 1 
3 41427 1 
3 128225 2 
3 47125 1 
3 118104 1 
3 71130 1 
3 103099 1 
3 111884 1 
3 9889 1 
3 130622 1 
3 42612 1 
3 22842 1 
3 39381 1 
3 26864 1 
3 69615 1 
3 21817 1 
3 51470 1 
3 54121 1 
3 129772 1 
3 42818 1 
3 35470 1 
3 114310 1 
3 113766 1 
4 31694 1 
4 87946 1 
4 132987 1 
4 45566 3 
4 124656 1 
4 47823 1 
4 73797 2 
4 30300 1 
4 42893 1 
4 76255 1 
4 82278 1 
4 59860 1 
4 70870 1 
4 51470 1 
4 75151 2 
4 94474 1 
4 113900 1 
4 114458 1 
4 129792 1 
4 30218 1 
4 1454 1 
4 125993 2 
4 121964 1 
4 1870 2 
4 29022 1 
4 136670 1 
4 72947 1 
4 11044 2 
4 126326 1 
4 59173 2 
4 95930 1 
4 54093 1 
4 104115 1 
4 31655 1 
4 43952 1 
4 91252 1 
4 51347 2 
4 14893 1 
4 77993 1 
4 50978 2 
4 136015 1 
4 42054 1 
4 66900 1 
4 92398 1 
4 64842 1 
4 3797 1 
4 23287 1 
4 133650 1 
4 104431 1 
4 18808 1 
4 58231 5 
4 62333 1 
4 46037 1 
4 34605 1 
4 140084 1 
4 43985 1 
4 14327 1 
4 113156 1 
4 64260 1 
4 103722 1 
4 73947 1 
4 111821 1 
4 85974 2 
4 93778 1 
4 30336 1 
4 23974 1 
4 21569 1 
4 38099 2 
4 43018 1 
4 33913 1 
4 33535 1 
4 125205 1 
4 22231 1 
4 44124 1 
4 103315 1 
4 118741 1 
4 104656 1 
4 129807 1 
4 33397 1 
4 12392 1 
4 55222 1 
4 88554 1 
4 35954 1 
4 137045 1 
4 60 1 
4 54295 1 
4 114040 1 
4 45705 1 
4 23961 1 
4 2274 1 
4 80005 1 
4 76878 1 
4 95598 1 
4 112091 1 
4 10031 1 
4 2044 1 
4 94537 1 
4 65038 1 
4 23523 1 
4 70826 1 
4 122557 1 
4 123519 1 
4 126480 1 
4 64615 1 
4 28765 1 
4 101375 1 
4 121963 1 
4 1581 1 
4 1130 1 
4 125686 1 
4 6611 1 
4 30124 1 
4 106857 1 
4 101064 1 
4 52781 1 
4 67664 1 
4 76879 1 
4 68984 1 
4 131306 1 
4 39791 1 
4 46936 1 
4 123989 1 
4 74946 1 
4 138716 1 
4 76462 1 
4 30449 1 
4 76854 1 
4 2496 1 
4 56260 1 
4 22598 1 
4 54121 1 
4 114829 1 
4 83698 1 
4 62858 1 
4 118452 2 
4 107803 1 
4 74955 1 
4 24026 1 
4 135626 1 
5 23945 1 
5 105665 1 
5 80295 1 
5 23651 1 
5 136975 1 
5 70913 1 
5 90223 1 
5 43124 1 
5 119965 1 
5 79053 1 
5 8146 1 
5 58231 2 
5 51330 1 
5 11124 1 
5 20637 1 
5 61330 1 
5 98968 1 
5 138816 1 
5 70826 1 
5 78771 1 
5 72178 1 
5 92125 1 
5 12144 1 
5 36801 1 
6 113156 1 
6 103360 1 
6 58231 6 
6 892 1 
6 94695 1 
6 99570 1 
6 64828 1 
6 128837 1 
6 22407 1 
6 86561 1 
6 86070 1 
6 73565 3 
6 36966 3 
6 119115 3 
6 109920 1 
6 136276 1 
6 126099 1 
6 120944 1 
6 118104 2 
6 71461 1 
6 109821 1 
6 73062 1 
6 31499 2 
6 23974 1 
6 121255 1 
6 40979 1 
6 139923 1 
6 96898 1 
6 134847 1 
6 41762 1 
6 71804 2 
6 33556 1 
6 9889 2 
6 138355 1 
6 111383 1 
6 819 1 
6 98035 1 
6 107887 4 
6 30770 1 
6 93980 1 
6 4655 1 
6 42612 1 
6 117004 1 
6 62333 2 
6 128587 1 
6 56199 1 
6 88409 1 
6 35216 1 
6 85610 1 
6 11887 1 
6 41378 1 
6 120270 1 
6 131707 1 
6 92253 1 
6 45613 1 
6 58013 1 
6 83940 1 
6 6099 1 
6 48494 1 
6 30907 1 
6 93146 1 
6 101375 1 
6 83698 1 
6 92878 1 
6 45721 1 
6 27157 1 
6 80005 1 
6 129736 1 
6 46360 1 
6 132309 1 
6 121437 1 
6 111024 1 
6 36509 1 
6 15075 1 
6 55601 1 
6 117007 1 
6 74075 1 
6 125284 1 
6 23868 1 
6 34092 1 
6 93168 1 
6 33940 1 
6 89471 1 
6 20285 1 
6 85800 1 
6 67076 1 
6 95377 1 
6 76115 1 
6 26864 2 
6 126480 1 
6 54262 1 
6 2961 3 
6 104223 1 
6 13336 2 
6 97270 1 
6 64615 1 
6 104656 2 
6 118972 1 
6 126132 1 
6 47250 1 
6 91248 2 
6 115682 1 
6 78419 1 
6 114310 1 
6 113942 1 
6 39020 1 
6 30457 1 
6 116245 1 
6 11000 2 
6 76893 1 
6 100817 1 
6 137875 1 
6 38665 1 
6 26306 1 
6 83933 1 
6 50190 1 
6 51081 1 
6 61934 1 
6 119455 1 
6 25309 1 
6 99264 1 
6 136355 1 
6 66900 1 
6 77993 1 
6 32 1 
6 74868 1 
6 1249 1 
6 116051 1 
6 109084 1 
6 26541 1 
6 53668 1 
6 5183 1 
6 100225 1 
6 112091 1 
6 19971 1 
6 106740 1 
6 83755 1 
6 64632 1 
6 94618 1 
6 129725 1 
6 98370 1 
6 107954 1 
7 85800 1 
7 32935 2 
7 50853 2 
7 134932 1 
7 59428 6 
7 88554 5 
7 115789 3 
7 29604 2 
7 109010 1 
7 64615 5 
7 37451 1 
7 30472 1 
7 103099 1 
7 45532 1 
7 76878 1 
7 58231 3 
7 11975 1 
7 56514 1 
7 105129 2 
7 136670 1 
7 44782 1 
7 85663 1 
7 43889 1 
7 20811 1 
7 14144 2 
7 76826 1 
7 81103 1 
7 51330 2 
7 1719 2 
7 81310 2 
7 129533 1 
7 114310 1 
7 63484 1 
7 12521 1 
7 46040 1 
7 131566 1 
7 86804 1 
7 81494 1 
7 94474 1 
7 126132 1 
7 98212 1 
7 47647 1 
7 67853 1 
7 96532 1 
7 52137 1 
7 36081 1 
7 83146 1 
7 61672 1 
7 107954 3 
7 104656 1 
7 5356 1 
7 90182 1 
7 8088 2 
7 23974 1 
7 104118 1 
7 135258 1 
7 59216 1 
7 23244 1 
7 21229 1 
7 97807 1 
7 133063 1 
7 63444 1 
7 68397 1 
7 123803 2 
7 33940 1 
7 29399 2 
7 43680 2 
7 122827 1 
7 39632 1 
7 116134 1 
7 100013 1 
7 84312 1 
7 41762 1 
7 76893 1 
7 47472 1 
7 43167 1 
7 18308 1 
7 4703 1 
7 17175 1 
7 39164 1 
7 47114 1 
7 129434 2 
7 13638 1 
7 49847 1 
7 8972 1 
7 102469 1 
7 69068 1 
7 106158 1 
7 99347 1 
8 892 1 
8 118452 1 
8 87003 1 
8 51330 1 
8 128450 1 
8 138186 1 
8 39632 1 
8 35976 1 
8 5907 1 
8 6613 1 
8 96345 1 
8 858 1 
8 111821 1 
8 30907 2 
8 131452 2 
8 9725 2 
8 104160 1 
8 18308 1 
8 88554 1 
8 4703 1 
8 43680 1 
8 100371 1 
8 105129 1 
8 45176 1 
8 109010 1 
8 30740 1 
8 42893 1 
8 64632 1 
8 136432 1 
8 21151 1 
8 31672 1 
8 9214 1 
9 48886 1 
9 81901 1 
9 10100 2 
9 116782 1 
9 103711 1 
9 65869 1 
9 129350 2 
9 105129 3 
9 67664 1 
9 50853 1 
9 858 1 
9 107954 1 
9 49847 1 
9 93550 1 
9 111383 1 
9 133872 1 
9 20601 1 
9 86751 1 
9 136111 1 
9 17449 1 
9 112322 1 
9 103099 1 
9 68829 1 
9 88687 1 
9 4637 1 
9 60191 1 
9 36396 1 
9 102064 1 
9 79755 1 
9 70798 1 
9 32097 1 
9 46940 1 
9 3682 1 
9 75318 1 
9 42612 1 
9 77417 1 
9 101375 1 
9 41814 1 
9 59125 1 
9 23294 1 
9 20618 1 
9 14144 1 
9 5521 1 
9 3775 1 
9 103517 1 
9 132987 1 
9 14423 1 
9 85974 1 
9 64432 1 
10 44766 2 
10 14144 2 
10 25111 2 
10 103099 1 
10 98212 1 
10 45703 1 
10 41762 1 
10 123172 2 
10 16798 1 
10 120092 1 
10 93132 1 
10 70913 1 
10 89932 1 
10 120846 1 
10 29084 1 
10 79369 1 
10 43133 1 
10 36238 1 
10 66860 1 
10 2690 1 
10 6025 2 
10 118868 1 
10 41378 1 
10 83325 1 
10 56084 1 
10 15690 1 
10 42876 1 
10 58231 2 
10 32935 1 
10 135258 2 
10 33940 1 
10 1653 2 
10 136668 1 
10 138794 1 
10 138366 1 
10 129434 1 
10 112530 2 
10 74725 2 
10 103024 1 
10 84133 1 
10 38833 1 
10 135151 1 
10 89517 2 
10 19535 1 
10 78877 1 
10 76893 1 
10 72682 1 
10 96532 1 
10 29077 1 
10 38425 1 
10 69801 1 
10 12883 1 
10 80885 1 
10 29755 1 
10 114819 1 
10 54075 1 
10 6604 1 
10 25420 3 
10 101204 3 
10 112674 3 
10 129297 1 
10 51470 1 
10 70826 1 
10 5153 1 
10 127759 1 
10 465 1 
10 78748 1 
10 63388 1 
10 48568 1 
10 99455 1 
10 60529 1 
10 9276 1 
10 1719 1 
10 88687 1 
10 134123 1 
10 58089 1 
11 22165 1 
11 67734 1 
11 8538 3 
11 30864 3 
11 88175 1 
11 41306 1 
11 125848 1 
11 95836 1 
11 79369 1 
11 109288 1 
11 13336 1 
11 59883 1 
11 135924 1 
11 59206 1 
11 34830 1 
11 29565 1 
11 114310 1 
11 51588 1 
11 94172 2 
11 16519 1 
11 132878 1 
11 127310 1 
11 71691 1 
11 50978 1 
11 90182 1 
11 127753 1 
11 107627 1 
11 115510 1 
11 43889 2 
11 92514 1 
11 14144 1 
11 5153 1 
11 87250 1 
11 93299 1 
11 6613 1 
11 139979 1 
11 83753 1 
11 37682 1 
11 57526 1 
11 73437 1 
11 1241 1 
11 33657 2 
11 93989 1 
11 15742 1 
11 132343 1 
11 10696 1 
11 37978 1 
11 9127 1 
11 54383 1 
11 57975 1 
11 85459 1 
11 6025 1 
11 85713 1 
11 19986 1 
11 134437 1 
11 23523 1 
11 36783 1 
11 118782 1 
11 137404 1 
11 42448 1 
11 111383 1 
11 117172 1 
11 107887 1 
11 64615 1 
11 38604 1 
11 58231 1 
11 76856 1 
11 35288 1 
11 75793 1 
11 98304 1 
11 14401 1 
11 66398 1 
12 68270 1 
12 29604 3 
12 70798 1 
12 41378 3 
12 4703 1 
12 124767 5 
12 68187 1 
12 25313 1 
12 31977 2 
12 104807 6 
12 81895 1 
12 21151 1 
12 122437 1 
12 58231 6 
12 109010 2 
12 32509 1 
12 119483 2 
12 137085 3 
12 1994 1 
12 91201 1 
12 130238 1 
12 26786 1 
12 23550 1 
12 19782 4 
12 65824 1 
12 43605 4 
12 44728 1 
12 61374 2 
12 96951 1 
12 103367 1 
12 126978 1 
12 137562 1 
12 74467 1 
12 139344 1 
12 107577 1 
12 73719 2 
12 133522 1 
12 45613 1 
12 49203 1 
12 91064 1 
12 35438 1 
12 127759 1 
12 133946 1 
12 114625 1 
12 64791 1 
12 68626 1 
12 83831 1 
12 26151 1 
12 95207 2 
12 74999 1 
12 93299 2 
12 114095 1 
12 37332 1 
12 103549 1 
12 12812 1 
12 42818 1 
12 83085 1 
12 88554 1 
12 77253 1 
12 50813 1 
12 122954 1 
12 113533 1 
12 105896 2 
12 9820 1 
12 107954 1 
12 106268 2 
12 64216 2 
12 49443 3 
12 18590 1 
12 80005 3 
12 92762 1 
12 37771 1 
12 135924 1 
12 26067 1 
12 106079 1 
12 59173 2 
12 72331 1 
12 90252 1 
12 38016 1 
12 51588 1 
12 100163 1 
12 6062 1 
12 81123 1 
12 31950 2 
12 3775 1 
12 91613 1 
12 14913 2 
12 17778 2 
12 123350 1 
12 7753 2 
12 115191 1 
12 125335 2 
12 71898 2 
12 72830 1 
12 106529 1 
12 99737 1 
12 107887 2 
12 64615 4 
12 72178 1 
12 2277 1 
12 102280 1 
12 62384 1 
12 126132 1 
12 132403 1 
12 47430 1 
12 78240 1 
12 139070 1 
12 36772 1 
12 42448 2 
12 98212 2 
12 111383 1 
12 125205 1 
12 64671 2 
12 86226 1 
12 98512 2 
12 76101 1 
12 102206 1 
12 134685 1 
12 38761 1 
12 122715 1 
12 133650 1 
12 28929 1 
12 109254 1 
12 107440 1 
12 113182 1 
12 71960 1 
12 77589 1 
12 86398 1 
12 125371 2 
12 114819 3 
12 48686 2 
12 55926 1 
12 78632 1 
12 87003 2 
12 138586 1 
12 8322 1 
12 14990 1 
12 83221 1 
12 121260 1 
12 111020 1 
12 67664 2 
12 5945 1 
12 102313 1 
12 54157 1 
12 69068 1 
12 114310 1 
12 131976 1 
12 112091 1 
12 105292 1 
12 48457 2 
12 105868 1 
12 124554 2 
12 120972 1 
12 28721 1 
12 12599 1 
12 523 1 
12 129725 1 
12 101375 1 
12 51247 1 
12 130622 1 
12 89569 1 
12 43889 1 
12 54816 1 
12 46668 1 
12 129447 1 
12 25111 1 
12 86804 1 
12 3741 1 
12 22339 1 
12 5906 1 
12 130564 1 
12 14672 1 
12 5516 1 
12 64343 1 
12 127735 2 
12 44307 1 
12 14144 2 
12 117428 1 
12 58810 1 
12 21687 1 
12 437 1 
12 70826 1 
12 66860 1 
12 106917 2 
12 37869 1 
12 6025 2 
12 131651 3 
12 55514 1 
12 23651 1 
12 57447 1 
12 22521 1 
12 263 1 
12 124845 1 
12 67495 1 
12 120933 1 
12 19979 1 
12 52090 1 
12 90457 1 
12 18585 1 
12 15494 1 
12 86652 1 
12 8354 1 
12 29525 1 
12 130308 1 
12 113646 1 
12 116247 1 
12 110005 1 
12 115003 1 
12 77417 1 
12 66445 1 
12 90191 1 
12 42054 1 
12 12259 1 
12 102468 1 
12 18378 1 
12 7956 1 
12 112200 1 
12 44026 1 
12 139525 1 
12 128429 1 
12 24339 1 
12 16530 1 
12 135072 1 
12 39164 1 
12 137898 1 
12 50864 1 
12 46405 1 
12 101590 1 
12 23782 1 
12 104656 1 
12 47753 1 
12 100623 1 
12 39663 1 
12 6535 1 
12 93145 1 
12 28495 1 
12 106231 1 
12 32840 2 
12 36975 1 
12 99278 1 
12 38099 1 
12 35216 1 
12 83039 1 
12 51586 1 
12 63783 1 
12 98516 1 
12 81463 1 
12 26427 1 
12 9070 1 
12 62502 1 
12 105820 1 
12 45287 1 
