0 117346 1 
0 72372 2 
0 12812 3 
0 85974 4 
0 50190 1 
0 3761 1 
0 70372 2 
0 30864 1 
0 66289 1 
0 93299 1 
0 129434 1 
0 13638 1 
0 107831 1 
0 77968 1 
0 71898 1 
0 49939 1 
0 96680 1 
0 15758 1 
0 107954 3 
0 25326 1 
0 92878 1 
0 41508 1 
0 43450 1 
0 114122 1 
0 77995 1 
0 23974 2 
0 97423 1 
0 61254 1 
0 72465 1 
0 82779 1 
0 111550 1 
0 36555 1 
0 119277 1 
0 75240 2 
0 87003 1 
0 39164 1 
0 53960 1 
0 24831 1 
0 105236 1 
0 88554 1 
0 126978 1 
0 14913 1 
0 92514 1 
0 36081 1 
0 34968 1 
0 105067 1 
0 17373 1 
0 43367 1 
0 95626 1 
0 82844 1 
0 121831 1 
0 122437 1 
1 107165 4 
1 121831 4 
1 36238 1 
1 41762 1 
1 33940 1 
1 43133 1 
1 134512 1 
1 107887 3 
1 52583 2 
1 70798 4 
1 120931 1 
1 61542 2 
1 66445 1 
1 36801 4 
1 79653 1 
1 32647 1 
1 21569 1 
1 109037 1 
1 72178 1 
1 129734 1 
1 36274 1 
1 5153 3 
1 120895 1 
1 35470 1 
1 64615 4 
1 111020 1 
1 50910 1 
1 8060 1 
1 98212 2 
1 75240 1 
1 52781 1 
1 43450 1 
1 51929 1 
1 104656 1 
1 20041 1 
1 103722 2 
1 110395 2 
1 61934 1 
1 89517 2 
1 39601 1 
1 105129 1 
1 59297 1 
1 126978 2 
1 6025 3 
1 117428 1 
1 76826 1 
1 82693 1 
1 126132 1 
1 5491 1 
1 6613 1 
1 24339 1 
1 5921 1 
1 105429 2 
1 78363 1 
1 26427 1 
1 22231 1 
1 56612 1 
1 42893 1 
1 101082 1 
1 27164 1 
1 25986 1 
1 26305 1 
1 25670 2 
1 76856 5 
1 80577 1 
1 107954 3 
1 88554 4 
1 86779 1 
1 122539 3 
1 89409 2 
1 36081 1 
1 120279 1 
1 82418 2 
1 84427 1 
1 31718 1 
1 40148 1 
1 38288 2 
1 19979 1 
1 35082 1 
1 64678 1 
1 65490 1 
1 92814 1 
1 108438 1 
1 86804 1 
1 46882 1 
1 32935 1 
1 85473 1 
1 124527 2 
1 66860 1 
1 55832 1 
1 57103 1 
1 137368 1 
1 94695 1 
1 92708 1 
1 93006 1 
1 70826 1 
1 2678 1 
1 109010 1 
1 3761 1 
1 100817 1 
1 19624 1 
1 28889 1 
1 45216 1 
1 50853 1 
1 115581 1 
1 38099 1 
1 64791 1 
1 126498 1 
1 31879 1 
1 112091 1 
1 1142 1 
1 62869 1 
1 85663 1 
1 25326 1 
1 57886 1 
1 124897 1 
1 76878 1 
1 91248 1 
1 85974 1 
1 66244 1 
1 48956 1 
2 58231 5 
2 18308 1 
2 116991 1 
2 107954 1 
2 39372 1 
2 77270 1 
2 64615 1 
2 96345 2 
2 137666 1 
2 109010 1 
2 91772 1 
2 128837 1 
2 6827 1 
2 65285 1 
2 48886 1 
2 2096 1 
2 118392 2 
2 70370 1 
2 99222 1 
2 122650 1 
2 116924 1 
2 64671 1 
2 42448 1 
2 43710 1 
2 91168 1 
2 62418 1 
2 120077 1 
2 24339 1 
2 47052 1 
2 122150 1 
2 43831 1 
2 125686 1 
2 56612 1 
2 118104 1 
2 6025 1 
2 63199 1 
2 98897 1 
2 12697 1 
2 127735 1 
2 125784 1 
2 70115 1 
2 88687 1 
2 103722 1 
2 117963 1 
2 5153 1 
2 104856 1 
2 100300 1 
2 42210 1 
2 47273 1 
2 68304 1 
2 15589 1 
2 103099 1 
2 80005 1 
2 100263 1 
2 104074 1 
3 58231 8 
3 33890 1 
3 119277 1 
3 21158 1 
3 124797 1 
3 64289 1 
3 18270 1 
3 68633 3 
3 100106 7 
3 136176 1 
3 9958 1 
3 108121 1 
3 37451 1 
3 3381 1 
3 51250 1 
3 23945 1 
3 59846 1 
3 99476 3 
3 99783 3 
3 26229 1 
3 72332 1 
3 117428 2 
3 39381 1 
3 79369 1 
3 36801 1 
3 118844 1 
3 124129 1 
3 17918 1 
3 31325 1 
3 114310 2 
3 23388 1 
3 35764 2 
3 100371 1 
3 52922 1 
3 103559 1 
3 50506 1 
3 39457 1 
3 707 1 
3 5153 4 
3 70675 1 
3 74185 1 
3 114029 1 
3 117907 1 
3 84721 1 
3 55459 1 
3 133174 1 
3 105027 1 
3 93034 1 
3 73797 1 
3 87250 1 
3 10463 1 
3 55973 1 
3 101111 1 
3 62216 2 
3 43911 1 
3 74360 2 
3 87200 1 
3 29533 1 
3 107593 1 
3 119761 1 
3 85097 1 
3 122822 1 
3 27258 1 
3 61489 1 
3 31351 1 
3 112878 1 
3 244 1 
3 121751 1 
3 71134 1 
3 110154 1 
3 57625 1 
3 44596 2 
3 3353 1 
3 8146 1 
3 107887 1 
3 102711 1 
3 49299 1 
3 71503 1 
3 71804 2 
3 130354 1 
3 15589 1 
3 43167 2 
3 59508 1 
3 77711 1 
3 115959 1 
3 23162 1 
3 11124 1 
3 55495 1 
3 43474 2 
3 41336 2 
3 68060 2 
3 36781 2 
3 70077 1 
3 118398 1 
3 123682 1 
3 52781 2 
3 127654 2 
3 112921 1 
3 24905 1 
3 95714 1 
3 110237 1 
3 67468 1 
3 25517 1 
3 110056 1 
3 55076 1 
3 24742 1 
3 91248 3 
3 33657 1 
3 88991 1 
3 96532 2 
3 1237 1 
3 31910 1 
3 132309 1 
3 67720 2 
3 59860 1 
3 72175 1 
3 49960 1 
3 48886 1 
3 21205 1 
3 140172 1 
3 44766 1 
3 117004 1 
3 43889 3 
3 18724 1 
3 69068 2 
3 24590 1 
3 61143 1 
3 101913 1 
3 79778 1 
3 129983 1 
3 90062 1 
3 32428 2 
3 28992 1 
3 59403 1 
3 35216 2 
3 8381 1 
3 33940 1 
3 30591 1 
3 18121 3 
3 53668 1 
3 122011 1 
3 48003 1 
3 17778 3 
3 86177 1 
3 73962 1 
3 135665 1 
3 110965 1 
3 66282 1 
3 30864 1 
3 31382 1 
3 99789 1 
3 113897 1 
3 34069 1 
3 135160 1 
3 28849 1 
3 93299 1 
3 136670 1 
3 14170 1 
3 87003 1 
3 119613 1 
3 67995 1 
3 13113 1 
3 126132 2 
3 18308 3 
3 54117 1 
3 111900 1 
3 3426 1 
3 129102 2 
3 21151 1 
3 42930 1 
3 90858 1 
3 16946 1 
3 77099 1 
3 77539 1 
3 89824 1 
3 63610 1 
3 53106 1 
3 135320 1 
3 120270 1 
3 55354 1 
3 108921 1 
3 20499 1 
3 106896 1 
3 16976 1 
3 20691 1 
3 51938 1 
3 68732 1 
3 20465 1 
3 68998 1 
3 54272 1 
3 135006 1 
3 129447 1 
3 123756 1 
3 44444 1 
3 90163 1 
3 100247 1 
3 73437 1 
3 38262 1 
3 57694 1 
3 62860 2 
3 74043 1 
3 70786 1 
3 41927 1 
3 118394 1 
3 66741 1 
3 107468 1 
3 129772 1 
3 76472 1 
3 127759 1 
3 5719 1 
3 115789 1 
3 125686 1 
3 88554 1 
3 105129 1 
3 4062 1 
3 132068 1 
3 6613 1 
3 12481 1 
3 88409 2 
3 57719 1 
3 40756 1 
3 41331 1 
3 115880 2 
3 89517 1 
3 83698 1 
3 123259 1 
3 75893 1 
3 80664 1 
3 70798 1 
3 30472 1 
3 134900 1 
3 58869 1 
3 48568 1 
3 107006 1 
3 54483 1 
3 97689 1 
3 40751 1 
3 119195 1 
3 126725 1 
3 135758 1 
3 79554 1 
3 2352 1 
3 99570 1 
3 54075 1 
3 33579 1 
3 138355 1 
3 97875 1 
3 76441 1 
3 80005 1 
3 137045 1 
3 87902 1 
3 50919 1 
3 103048 1 
3 93662 1 
3 73947 1 
3 131976 1 
3 41378 2 
3 806 1 
3 93778 1 
3 82051 1 
3 83259 1 
3 21110 1 
3 49672 1 
3 112091 1 
3 64632 1 
3 45271 1 
3 37430 1 
3 136886 1 
3 131077 1 
3 133734 1 
3 19147 1 
3 137175 1 
3 134932 1 
3 99630 1 
3 5773 1 
3 38571 1 
3 57919 1 
3 27712 1 
3 44428 1 
3 26048 1 
3 127735 1 
3 72022 1 
3 51762 1 
3 127442 1 
3 109010 1 
3 125205 1 
3 25011 1 
3 8386 1 
3 135233 1 
3 62669 1 
3 135258 1 
3 9070 1 
4 55601 2 
4 77417 2 
4 64615 2 
4 14144 1 
4 60814 1 
4 80005 1 
4 61680 1 
4 858 1 
4 116511 1 
4 69068 2 
4 79755 1 
4 43450 2 
4 52185 1 
4 133942 1 
4 58810 1 
4 83183 1 
4 5851 1 
4 74289 1 
4 48934 1 
4 30917 1 
4 107803 2 
4 133397 1 
4 72318 1 
4 80857 1 
4 133178 1 
4 46558 1 
4 105129 1 
4 26864 1 
4 111654 1 
4 18585 1 
4 30449 1 
4 98005 1 
4 11512 1 
4 50906 1 
4 125205 1 
4 106669 1 
4 92125 1 
4 88708 1 
4 58231 1 
4 125473 1 
4 48568 1 
4 62633 1 
4 5926 1 
4 103451 1 
4 12380 1 
4 74154 1 
4 120974 1 
4 4227 1 
4 13899 1 
4 97270 1 
4 64304 1 
4 135006 1 
4 10261 1 
4 124842 1 
4 58242 1 
4 78419 1 
4 68270 1 
4 98948 1 
4 60561 1 
4 117940 1 
4 43425 1 
4 47882 1 
4 94965 1 
4 36848 1 
4 50853 1 
4 115205 1 
4 118024 1 
4 12812 1 
4 110312 1 
4 129434 1 
4 15203 1 
4 93890 1 
4 33940 1 
4 138767 1 
4 4620 1 
4 29162 1 
4 93322 1 
4 125993 1 
4 62384 1 
4 107440 1 
4 57919 1 
4 25517 1 
4 110709 1 
4 136821 1 
4 112449 1 
4 62349 1 
4 21124 1 
4 121769 1 
4 51141 1 
4 90265 1 
4 84782 1 
4 23731 1 
4 5708 1 
4 42818 3 
4 58016 1 
4 6487 1 
4 48042 1 
4 14133 1 
4 12481 1 
4 93550 1 
4 36238 1 
4 54272 1 
4 80676 1 
4 18308 1 
4 57019 1 
4 119610 1 
4 114079 1 
4 98212 2 
4 15078 1 
4 121964 1 
4 95626 1 
4 35216 1 
4 110407 1 
4 80393 1 
4 100371 1 
4 88554 1 
4 129736 1 
4 123886 1 
4 89461 1 
4 23169 1 
4 86420 1 
4 46757 1 
4 70335 1 
4 48886 1 
4 132403 1 
4 91781 1 
4 107265 1 
5 892 1 
5 58231 11 
5 118462 1 
5 45909 1 
5 89093 1 
5 45331 1 
5 39381 2 
5 119353 3 
5 38306 1 
5 3950 2 
5 77270 3 
5 129117 2 
5 21124 3 
5 42448 2 
5 18807 1 
5 99789 2 
5 9329 3 
5 45897 1 
5 14898 1 
5 89398 1 
5 69902 2 
5 126191 1 
5 121093 1 
5 118229 2 
5 10557 1 
5 70798 3 
5 77517 3 
5 28539 1 
5 54149 3 
5 38099 1 
5 2046 2 
5 75655 1 
5 124208 1 
5 118718 1 
5 83755 1 
5 20600 1 
5 111020 1 
5 117178 1 
5 109414 1 
5 132068 1 
5 34266 1 
5 103637 1 
5 88554 6 
5 66445 3 
5 70826 1 
5 81947 1 
5 104781 4 
5 56569 2 
5 35216 1 
5 20265 1 
5 125315 2 
5 984 1 
5 80026 1 
5 5585 1 
5 43489 1 
5 83477 2 
5 103175 1 
5 101391 1 
5 23084 1 
5 79249 1 
5 30443 1 
5 54345 1 
5 95624 1 
5 86584 1 
5 81494 1 
5 119100 1 
5 24659 1 
5 24831 2 
5 122235 4 
5 94129 1 
5 126027 1 
5 93525 1 
5 84199 2 
5 11954 1 
5 133934 1 
5 78771 1 
5 26494 1 
5 40827 2 
5 69140 1 
5 92452 1 
5 21184 1 
5 72178 3 
5 118275 1 
5 102313 1 
5 64632 2 
5 115789 2 
5 45656 1 
5 122437 1 
5 129434 2 
5 80005 3 
5 98187 1 
5 131566 1 
5 1653 1 
5 25111 1 
5 54075 1 
5 109010 2 
5 47647 1 
5 115581 1 
5 137153 1 
5 92125 1 
5 93550 1 
5 25037 1 
5 64205 1 
5 2382 1 
5 51647 1 
5 29940 1 
5 75240 1 
5 137045 1 
5 30917 1 
5 119079 1 
5 30038 1 
5 5516 1 
5 59173 2 
5 24339 3 
5 105343 3 
5 94600 1 
5 48886 12 
5 64615 2 
5 87003 3 
5 29533 1 
5 43367 1 
5 111148 1 
5 116120 1 
5 115916 1 
5 101101 1 
5 45907 1 
5 114422 1 
5 81741 1 
5 58223 1 
5 116394 1 
5 61696 1 
5 72479 1 
5 69068 1 
5 117428 1 
5 42981 1 
5 136975 1 
5 46757 1 
5 56308 1 
5 133075 1 
5 40984 1 
5 126480 1 
5 22598 1 
5 75927 1 
5 6337 1 
5 132638 1 
5 54526 1 
5 41762 1 
5 18308 2 
5 54816 1 
5 86778 1 
5 13336 1 
5 65373 1 
5 85974 1 
5 34968 1 
5 4026 1 
5 13638 1 
5 77711 1 
5 28992 2 
5 84619 1 
5 78684 1 
5 77247 1 
5 109668 6 
5 130034 1 
5 119657 1 
5 9462 1 
5 124802 1 
5 16235 1 
5 135742 1 
5 122914 2 
5 33298 1 
5 30300 1 
5 106561 2 
5 124121 3 
5 82078 1 
5 113182 1 
5 46303 4 
5 106451 1 
5 80213 1 
5 21885 1 
5 58869 1 
5 29576 1 
5 95460 2 
5 13064 1 
5 4878 1 
5 72374 1 
5 40096 1 
5 83039 1 
5 127947 1 
5 125205 3 
5 45721 3 
5 33255 1 
5 24216 1 
5 117201 1 
5 64671 3 
5 38605 1 
5 5854 1 
5 115304 2 
5 87441 2 
5 2233 1 
5 44006 1 
5 36610 1 
5 59975 1 
5 32935 1 
5 109607 1 
5 5929 1 
5 32428 1 
5 16467 1 
5 116102 1 
5 49960 1 
5 14672 1 
5 3016 1 
5 136425 1 
5 88087 2 
5 128347 1 
5 5655 2 
5 9118 1 
5 102064 1 
5 86171 1 
5 107548 1 
5 19824 1 
5 130787 1 
5 77614 1 
5 43682 1 
5 124448 1 
5 30347 1 
5 14523 1 
5 56306 2 
5 92966 1 
5 74917 1 
5 96978 2 
5 87902 1 
5 26633 1 
5 10599 1 
5 12959 1 
5 93963 1 
5 50732 1 
5 86118 1 
5 41378 1 
5 109288 1 
5 43450 1 
5 85663 1 
6 83361 1 
6 5153 1 
6 87003 1 
6 61369 1 
6 107954 1 
6 59161 1 
6 16788 1 
6 56612 2 
6 94207 1 
6 24511 1 
6 86335 1 
6 90227 1 
6 111435 1 
6 49443 1 
6 110332 1 
6 133883 1 
6 125335 1 
6 112903 1 
6 53960 1 
6 108550 1 
6 53537 1 
6 72022 1 
6 8322 1 
6 101391 1 
6 58231 1 
6 126132 1 
6 67664 1 
6 82663 1 
6 62333 1 
6 52194 1 
6 38635 1 
6 100371 1 
6 25111 1 
7 12866 4 
7 97055 4 
7 1076 1 
7 99616 1 
7 75358 3 
7 23651 1 
7 28101 1 
7 107050 1 
7 87757 8 
7 26152 1 
7 127387 2 
7 73944 2 
7 53840 1 
7 1719 1 
7 41958 1 
7 72662 1 
7 48961 3 
7 103496 1 
7 26355 1 
7 20476 1 
7 59860 1 
7 23905 1 
7 101301 1 
7 32662 1 
7 122235 4 
7 48581 1 
7 73062 1 
7 79822 2 
7 15078 2 
7 87155 1 
7 27558 2 
7 12812 1 
7 71678 3 
7 64632 1 
7 49829 1 
7 70786 1 
7 6162 1 
7 60011 1 
7 43367 1 
7 28297 1 
7 78771 1 
7 93778 1 
7 76255 1 
7 60 1 
7 104115 1 
7 72175 1 
7 58780 1 
7 30941 2 
7 28015 1 
7 119129 1 
7 7412 1 
7 43911 2 
7 73328 2 
7 136133 1 
7 15241 1 
7 104067 1 
7 66860 2 
7 88554 2 
7 44766 1 
7 62502 1 
7 110664 2 
7 117351 1 
7 5153 3 
7 93023 1 
7 18211 1 
7 12687 1 
7 59975 1 
7 30961 1 
7 77401 2 
7 79119 2 
7 23353 2 
7 69068 1 
7 88677 1 
7 136886 1 
7 66058 1 
7 103420 1 
7 99571 1 
7 124448 1 
7 56395 1 
7 47647 1 
7 76878 1 
7 135258 1 
7 136176 1 
7 3797 1 
7 13621 1 
7 11440 1 
7 9022 1 
7 62384 2 
7 33657 1 
7 113560 1 
7 104278 1 
7 128519 1 
7 58214 1 
7 9930 1 
7 108438 1 
7 123673 1 
7 96506 1 
7 41798 3 
7 69568 2 
7 95417 2 
7 134975 1 
7 85394 1 
7 27563 1 
7 72178 1 
7 12481 2 
7 115959 1 
7 19147 1 
7 23414 1 
7 133640 1 
7 24742 1 
7 118104 1 
7 99439 1 
7 17667 1 
7 26864 1 
7 123803 1 
7 54488 1 
7 116593 1 
7 75240 1 
7 50853 2 
7 66900 3 
7 49470 1 
7 133398 1 
7 77417 1 
7 90374 1 
7 93299 3 
7 132309 1 
7 15377 1 
7 137950 1 
7 54764 1 
7 75998 1 
7 113156 1 
7 107610 1 
7 102066 1 
7 12325 1 
7 20053 1 
7 4620 1 
7 1653 1 
7 6025 1 
7 94977 1 
7 129434 2 
7 116215 1 
7 120296 1 
7 30135 2 
7 34863 1 
7 132592 1 
7 113760 1 
7 25638 1 
7 77614 1 
7 100750 1 
7 113427 1 
7 39164 1 
7 97865 1 
7 135995 1 
7 125902 1 
7 89517 1 
7 20418 2 
7 80005 2 
7 62333 1 
7 4273 1 
7 64615 2 
7 114332 1 
7 86531 1 
7 118718 1 
7 30814 2 
7 73177 1 
7 91645 1 
7 39236 1 
7 91624 1 
7 129903 1 
7 82319 1 
7 108301 2 
7 49157 1 
7 94474 1 
7 57104 1 
7 42818 1 
7 53077 1 
7 13638 1 
7 78419 1 
7 44596 1 
7 134357 1 
7 65449 1 
7 67468 1 
7 136505 1 
7 136790 1 
7 56612 1 
7 64020 1 
7 85005 1 
7 112664 1 
7 40096 1 
7 23162 1 
7 79792 1 
7 58824 1 
7 104315 1 
7 90521 1 
7 12161 1 
7 67650 1 
7 81213 1 
7 125914 1 
7 114422 1 
7 105129 1 
7 72917 1 
7 64190 1 
7 41508 2 
7 119277 1 
7 15589 1 
7 109551 1 
7 84373 1 
7 48944 1 
7 29032 1 
7 110053 1 
7 87661 1 
7 47703 1 
7 26306 2 
7 101204 1 
7 28785 1 
7 77541 1 
7 70370 1 
7 46491 1 
7 1249 1 
7 37039 1 
7 3786 1 
7 4532 1 
7 117655 1 
7 102739 1 
7 98342 1 
7 128137 1 
7 81938 1 
7 671 2 
7 30907 1 
7 120270 1 
7 86010 1 
7 116120 1 
7 72449 1 
7 5759 1 
7 126480 1 
7 24322 1 
7 49939 1 
7 34348 1 
7 107954 1 
7 76565 1 
7 117346 1 
7 103722 1 
7 41399 1 
7 111383 1 
7 83520 1 
7 115789 1 
7 132403 1 
7 22231 1 
7 77968 1 
7 136430 1 
7 23974 1 
7 5773 1 
7 85974 2 
7 42448 1 
7 26494 1 
7 63199 1 
7 118990 3 
7 89907 1 
7 100063 1 
7 87003 1 
7 65364 1 
7 22918 1 
7 70272 1 
7 104431 1 
7 124599 1 
7 129858 1 
7 132443 1 
7 85771 1 
7 71203 1 
7 42819 1 
7 45721 1 
8 58231 1 
8 93655 1 
8 86171 2 
8 14648 1 
8 100371 1 
8 48886 1 
8 85974 3 
8 104160 1 
8 69713 1 
8 13860 1 
8 55042 1 
8 104533 1 
8 102794 1 
8 21151 2 
8 136668 1 
8 41762 1 
8 76893 1 
8 32935 1 
8 13638 2 
8 18651 1 
8 81861 1 
8 19257 1 
8 134478 1 
8 79338 1 
8 62364 1 
8 26864 2 
8 6310 1 
8 2056 1 
8 12837 1 
8 118104 1 
8 133755 1 
8 81202 1 
8 137187 1 
8 12970 1 
8 31584 1 
8 45387 1 
8 44030 1 
8 112796 1 
8 33848 2 
8 25037 1 
8 13482 1 
8 83183 1 
8 6600 2 
8 129434 1 
8 13336 2 
8 6584 1 
8 57325 1 
8 8298 1 
8 33940 1 
8 135006 1 
8 39426 1 
8 5655 2 
8 45613 1 
8 5516 1 
8 76878 1 
8 90062 1 
9 115581 1 
9 72963 1 
9 1564 4 
9 9329 1 
9 33776 1 
9 7229 2 
9 64632 2 
9 97797 1 
9 92134 1 
9 104352 1 
9 43450 2 
9 76878 1 
9 82418 1 
9 62860 1 
9 48886 1 
9 113672 1 
9 49443 1 
9 40787 1 
9 64615 3 
9 41762 1 
9 124947 1 
9 105129 1 
9 5153 2 
9 36396 2 
9 74955 1 
9 87003 1 
9 83183 1 
9 116901 1 
9 35270 3 
9 8667 1 
9 45750 1 
9 133220 1 
9 52781 1 
9 53063 1 
9 106235 1 
9 121292 1 
9 41237 1 
9 10523 1 
9 1097 1 
9 104033 1 
9 98885 1 
9 26864 1 
9 124790 1 
9 2045 1 
9 2029 1 
9 33790 1 
9 31093 1 
9 23015 1 
9 74496 1 
9 18308 1 
9 106268 1 
9 4637 1 
9 125205 1 
9 85800 1 
9 50853 1 
9 14144 1 
9 76856 1 
9 138496 1 
9 28632 1 
9 30336 1 
9 76255 1 
9 85713 1 
9 137898 1 
9 108327 1 
9 89685 1 
9 48427 1 
9 80530 1 
9 79115 1 
9 103553 1 
9 90981 1 
10 42448 1 
10 129725 1 
10 107954 2 
10 9988 1 
10 107101 2 
10 59206 1 
10 3761 1 
10 85974 1 
10 64615 3 
10 118324 2 
10 56996 1 
10 104160 2 
10 35976 2 
10 48277 1 
10 12852 1 
10 125500 1 
10 11976 1 
10 132509 2 
10 126480 1 
10 5945 1 
10 107887 1 
10 28208 1 
10 107440 2 
10 109548 1 
10 30449 1 
10 114638 1 
10 81612 1 
10 88834 1 
10 118457 1 
10 133596 1 
10 126027 1 
10 20691 1 
10 14144 1 
10 16467 1 
10 117428 1 
10 109841 1 
10 123798 2 
10 28894 1 
10 64671 1 
10 80671 1 
10 105343 1 
10 94600 1 
10 1596 1 
10 119247 1 
10 95593 1 
10 117479 1 
10 62769 1 
10 42893 2 
10 122539 1 
10 40608 1 
10 131946 1 
10 119483 1 
10 84221 1 
10 24734 1 
10 64546 1 
10 28992 1 
10 119984 1 
10 13908 2 
10 6025 4 
10 88554 2 
10 44766 2 
10 105777 1 
10 56612 1 
10 54075 1 
10 48886 1 
10 119124 1 
10 72625 1 
10 50469 1 
10 16798 1 
10 128515 1 
10 128625 1 
10 124008 1 
10 32768 1 
10 61614 1 
10 25037 1 
10 9070 1 
10 25819 1 
10 42612 1 
10 21078 1 
10 3775 1 
10 5153 3 
10 92856 1 
10 32275 1 
10 125194 1 
10 118718 1 
10 85322 1 
10 98019 1 
10 69068 1 
10 16420 1 
10 23974 1 
10 48523 2 
10 5854 1 
10 5719 1 
10 111447 1 
10 134779 1 
10 27581 1 
10 99278 1 
10 44596 1 
10 107577 1 
10 29755 1 
10 8229 1 
10 87803 1 
10 74753 1 
11 44793 1 
11 126024 1 
11 12683 1 
11 41725 2 
11 136482 1 
11 113085 1 
11 29788 1 
11 15475 1 
11 114706 1 
11 117423 1 
11 52756 1 
11 33217 1 
11 100371 2 
11 111932 1 
11 60012 1 
11 92083 1 
11 113783 1 
11 74226 1 
11 117007 1 
11 36081 1 
11 56329 1 
11 74349 1 
11 41762 1 
11 79601 1 
11 101375 1 
11 54997 1 
11 18114 1 
11 44134 1 
11 4302 1 
11 82606 1 
11 37869 1 
11 61361 1 
11 1237 1 
11 34582 1 
11 93158 1 
11 48939 1 
11 59158 1 
11 33745 1 
11 3199 1 
11 93315 1 
11 94746 1 
11 30142 1 
11 105858 1 
11 119610 1 
11 14489 1 
12 108438 3 
12 93322 3 
12 77968 1 
12 26210 1 
12 58231 5 
12 5491 1 
12 6613 1 
12 76708 1 
12 45026 4 
12 23162 1 
12 17186 2 
12 51225 1 
12 137585 1 
12 80765 1 
12 136787 1 
12 10765 1 
12 132080 1 
12 121528 1 
12 97230 1 
12 30965 2 
12 110846 2 
12 89517 1 
12 4593 2 
12 41762 1 
12 9889 1 
12 70826 1 
12 5153 4 
12 100263 1 
12 16336 1 
12 86000 1 
12 41378 2 
12 2228 1 
12 5655 1 
12 107101 1 
12 33380 2 
12 118104 1 
12 94630 1 
12 108055 1 
12 86030 1 
12 8018 1 
12 104211 1 
12 29310 1 
12 75240 1 
12 34968 1 
12 126892 1 
12 21151 1 
12 34830 1 
12 38099 1 
12 12481 1 
12 43133 1 
12 51730 1 
12 137368 1 
12 3199 1 
12 47647 1 
12 42589 2 
12 43450 2 
12 97766 1 
12 30472 1 
12 116511 1 
12 77270 1 
12 88687 2 
12 8298 1 
12 68829 1 
12 126132 1 
12 62860 1 
12 41508 1 
12 7330 1 
12 109010 1 
12 21124 1 
12 25037 1 
12 46021 1 
12 5502 1 
12 65822 2 
12 10543 2 
12 5516 2 
12 68181 1 
12 70786 1 
12 135944 1 
12 73797 1 
12 115789 1 
12 134947 1 
12 60011 1 
12 39372 1 
12 76893 1 
12 129434 1 
12 117428 1 
12 82844 1 
12 76856 1 
12 104160 1 
13 22598 1 
13 932 1 
13 36801 1 
13 92116 1 
13 39497 1 
13 66445 1 
13 64678 1 
13 107954 1 
13 52782 1 
13 106693 1 
13 129434 1 
13 53668 1 
13 95626 1 
13 53975 1 
13 28765 1 
13 99455 1 
13 4707 1 
13 85974 1 
13 64615 2 
13 85663 1 
13 122437 1 
13 131966 1 
13 6310 1 
14 124527 1 
14 35470 1 
14 70798 1 
14 72618 3 
14 119339 3 
14 92514 1 
14 107954 3 
14 107887 3 
14 79413 1 
14 63199 1 
14 5556 1 
14 64615 3 
14 47782 1 
14 136668 2 
14 122650 1 
14 37493 1 
14 99630 1 
14 51390 1 
14 59173 2 
14 130756 1 
14 73565 1 
14 48886 1 
14 88554 1 
14 9293 1 
14 46040 1 
14 125205 1 
14 46173 1 
14 129533 1 
14 61033 1 
14 19154 1 
14 125902 1 
14 89751 1 
14 50412 1 
14 33655 1 
14 105236 1 
14 54775 1 
14 40857 1 
14 91146 1 
14 62668 1 
14 89824 1 
14 54997 1 
14 106677 1 
14 31012 1 
14 101907 1 
14 110106 1 
14 21229 1 
14 135006 1 
14 35093 1 
14 79338 1 
14 13625 1 
14 88601 1 
14 124817 1 
14 193 1 
14 121831 1 
14 117178 1 
14 66445 1 
14 67970 1 
14 36801 1 
14 36900 1 
14 34605 1 
15 89517 4 
15 124817 1 
15 74999 2 
15 117346 1 
15 43608 1 
15 6025 2 
15 111020 2 
15 113562 1 
15 892 1 
15 120270 2 
15 97270 1 
15 33774 1 
15 42818 2 
15 80209 1 
15 80005 1 
15 132403 1 
15 131452 1 
15 9725 1 
15 36900 1 
15 34605 1 
15 125018 1 
15 90990 1 
15 119483 1 
15 93299 1 
15 70447 5 
15 120720 1 
15 95917 3 
15 45830 1 
15 105281 2 
15 64615 2 
15 128705 3 
15 37493 1 
15 118184 1 
15 4945 1 
15 111563 1 
15 69675 1 
15 29443 1 
15 122093 2 
15 138211 1 
15 116559 1 
15 76144 1 
15 114819 1 
15 5491 1 
15 45645 1 
15 137467 1 
15 32935 1 
15 76255 3 
15 82278 1 
15 24905 1 
15 134975 1 
15 123682 1 
15 52848 3 
15 69622 1 
15 73830 1 
15 13326 1 
15 55601 1 
15 77417 1 
15 117435 1 
15 8756 1 
15 24669 1 
15 48375 2 
15 136425 1 
15 64632 2 
15 136652 1 
15 10990 1 
15 48480 1 
15 74069 1 
15 102347 1 
15 118560 1 
15 72393 1 
15 34052 1 
15 12687 1 
15 105868 1 
15 91248 1 
15 116051 1 
15 132509 1 
15 102464 1 
15 22918 1 
15 3199 2 
15 27558 1 
15 85974 1 
15 105909 1 
15 112531 1 
15 17387 1 
15 66900 1 
15 50978 3 
15 46246 3 
15 137898 3 
15 47882 1 
15 11824 1 
15 45678 1 
15 90088 2 
15 75240 4 
15 126480 1 
15 122212 2 
15 39381 1 
15 107954 4 
15 5262 3 
15 12481 1 
15 62502 1 
15 12542 1 
15 136668 1 
15 5153 2 
15 126978 1 
15 71078 1 
15 90227 1 
15 3775 1 
15 74043 1 
15 126773 1 
15 122320 1 
15 57507 1 
15 126132 1 
15 126027 1 
15 28810 1 
15 48568 2 
15 112779 1 
15 8472 1 
15 4138 1 
15 33097 1 
15 27087 1 
15 82606 1 
15 70935 1 
15 37222 1 
15 80508 1 
15 40680 1 
15 130508 1 
15 134858 1 
15 23945 1 
15 103027 1 
15 108109 1 
15 1633 1 
15 23872 1 
15 81447 1 
15 87812 1 
15 126515 1 
15 88554 4 
15 41508 1 
15 43562 1 
15 72605 1 
15 50853 2 
15 36801 1 
15 6982 1 
15 51470 1 
15 89461 1 
15 96569 2 
15 87872 1 
15 93778 1 
15 1704 1 
15 50190 2 
15 136133 1 
15 29965 1 
15 97283 1 
15 5516 1 
15 47782 1 
15 64343 1 
15 22593 1 
15 76893 1 
15 25011 1 
15 18651 1 
15 72178 1 
15 3291 1 
15 33354 1 
15 8434 1 
15 52122 1 
15 12724 1 
15 56612 2 
15 123096 1 
15 127726 1 
15 103637 1 
15 135924 1 
15 52960 1 
15 55519 2 
15 116681 1 
15 5997 1 
15 94413 3 
15 8233 1 
15 137228 1 
15 59410 1 
15 118104 2 
15 19624 1 
15 36238 1 
15 66240 1 
15 51588 1 
15 79009 1 
15 5285 1 
15 10120 1 
15 129309 1 
15 70826 1 
15 119247 1 
15 51390 1 
15 83698 1 
15 139986 1 
15 129434 2 
15 90062 1 
15 114310 2 
15 62333 1 
15 85498 1 
15 9070 1 
15 105672 1 
15 29565 1 
15 100013 1 
15 3894 1 
15 13638 1 
15 98212 1 
15 67664 1 
15 50727 1 
15 122437 1 
15 119610 1 
15 14489 1 
15 41654 1 
16 57966 1 
16 118161 1 
16 102356 2 
16 107639 2 
16 88317 1 
16 26427 1 
16 11000 1 
16 58231 2 
16 113646 1 
16 26210 1 
16 76837 1 
16 139429 1 
16 76073 1 
16 107410 1 
16 135800 1 
16 21151 1 
16 127735 1 
16 12553 1 
16 90088 1 
16 107548 1 
16 13860 1 
16 88151 1 
16 98503 1 
16 72069 1 
16 51836 1 
16 30893 1 
16 22628 1 
16 50190 1 
16 79382 1 
16 72107 1 
16 93900 1 
16 21229 1 
16 3199 1 
16 8543 1 
16 33848 2 
16 9781 1 
16 85974 1 
16 135924 1 
16 83150 1 
16 116332 1 
16 93550 1 
16 13482 1 
16 89407 1 
16 15681 1 
16 48961 1 
16 87626 1 
16 93299 1 
16 24043 1 
16 92515 1 
16 2690 1 
16 126879 1 
16 15051 1 
16 96345 1 
16 16235 1 
16 49443 1 
17 88554 3 
17 44766 2 
17 12481 1 
17 83753 1 
17 135151 1 
17 43450 1 
17 104656 1 
17 86779 1 
17 61934 1 
17 102666 1 
17 6613 1 
17 62384 2 
17 107725 1 
17 12599 1 
17 124022 1 
17 72625 1 
17 3199 1 
17 51397 1 
17 74548 1 
17 5153 4 
17 21229 2 
17 132403 1 
17 11124 1 
17 62520 1 
17 8543 1 
17 8026 1 
17 105129 3 
17 117428 1 
17 72372 1 
17 30472 1 
17 85713 1 
17 137675 1 
17 56846 1 
17 136670 1 
17 62333 1 
17 134693 1 
17 64632 1 
17 76856 1 
17 109841 1 
17 39601 1 
17 125205 1 
17 83755 1 
17 43367 1 
17 55612 1 
17 91781 1 
17 98212 3 
17 78771 1 
17 71042 1 
17 91486 1 
17 86281 1 
17 121374 1 
17 37308 1 
17 92057 1 
17 123311 1 
17 69754 1 
17 114310 1 
17 84959 1 
17 66398 1 
17 58869 1 
17 105236 1 
17 129434 2 
17 93778 1 
17 111821 1 
17 48529 1 
17 61946 1 
17 58477 1 
17 116404 1 
17 83150 1 
17 120270 1 
17 66512 1 
17 53840 1 
17 77968 1 
17 32895 1 
17 118492 1 
17 74704 1 
17 89461 1 
17 86050 1 
17 12521 1 
17 76682 1 
17 73076 1 
17 70826 1 
17 26048 1 
17 43167 1 
17 76893 1 
17 108599 1 
17 13563 1 
17 94541 1 
17 39372 1 
17 43680 1 
17 39457 1 
17 9329 1 
17 83552 1 
17 81049 1 
17 101716 1 
17 671 1 
17 70848 1 
17 64615 1 
17 35292 1 
17 118990 1 
17 59173 1 
17 114079 1 
17 106158 1 
17 29700 1 
17 36801 1 
18 58231 19 
18 86779 1 
18 36128 2 
18 15742 1 
18 22492 1 
18 83755 2 
18 92305 9 
18 87914 1 
18 107887 3 
18 25638 2 
18 128036 2 
18 14144 1 
18 107165 1 
18 115789 3 
18 26864 2 
18 9858 1 
18 20041 2 
18 41761 1 
18 117007 2 
18 84545 1 
18 118176 1 
18 89517 3 
18 119277 2 
18 87401 1 
18 114722 3 
18 95489 2 
18 135006 1 
18 92867 1 
18 103276 1 
18 32516 1 
18 136360 1 
18 102404 1 
18 109709 1 
18 9883 1 
18 66584 1 
18 15589 1 
18 9070 1 
18 133755 1 
18 40571 1 
18 67482 2 
18 10388 3 
18 23434 1 
18 47472 3 
18 49443 3 
18 107036 1 
18 62860 2 
18 30032 1 
18 59334 1 
18 131976 2 
18 11975 1 
18 5153 3 
18 2056 1 
18 110765 1 
18 35082 1 
18 91248 1 
18 128968 1 
18 41814 3 
18 103637 1 
18 88554 1 
18 105129 1 
18 26228 1 
18 71130 1 
18 82418 1 
18 128788 1 
18 23651 1 
18 60561 2 
18 125902 2 
18 34225 1 
18 48422 1 
18 112783 1 
18 102739 1 
18 97323 1 
18 101111 2 
18 115880 1 
18 34092 1 
18 69017 1 
18 75240 2 
18 118392 1 
18 85663 1 
18 109010 2 
18 13638 2 
18 67558 1 
18 32840 1 
18 42952 1 
18 98546 2 
18 33556 1 
18 83571 1 
18 19956 1 
18 90870 1 
18 119545 2 
18 75236 1 
18 48219 1 
18 45656 1 
18 21644 1 
18 90223 1 
18 113646 1 
18 129434 2 
18 53960 1 
18 41663 1 
18 49847 1 
18 137898 4 
18 104533 1 
18 137523 1 
18 18230 1 
18 76882 3 
18 78003 2 
18 94487 1 
18 30864 2 
18 5511 1 
18 106669 1 
18 30192 1 
18 112337 1 
18 9889 1 
18 80005 2 
18 137045 2 
18 117634 1 
18 69068 1 
18 103496 1 
18 6025 5 
18 93299 1 
18 33450 1 
18 6133 1 
18 61998 1 
18 27563 1 
18 83058 2 
18 123259 1 
18 108643 1 
18 69615 1 
18 66058 1 
18 69347 2 
18 77686 1 
18 67664 1 
18 8366 1 
18 58003 1 
18 47882 1 
18 53599 2 
18 51330 3 
18 49122 3 
18 63297 2 
18 66136 1 
18 66860 1 
18 123629 1 
18 71478 1 
18 104656 2 
18 130542 1 
18 65404 2 
18 60358 1 
18 74200 1 
18 76441 1 
18 67468 1 
18 125686 1 
18 126132 3 
18 85672 1 
18 61452 2 
18 116199 2 
18 42818 1 
18 59883 1 
18 114310 1 
18 707 1 
18 3761 2 
18 4023 1 
18 51407 1 
18 19928 1 
18 57507 1 
18 30457 1 
18 136668 1 
18 18308 3 
18 92637 1 
18 78182 1 
18 53840 1 
18 63660 2 
18 110044 1 
18 34266 1 
18 57125 1 
18 77813 1 
18 118275 2 
18 80320 1 
18 127001 1 
18 124424 1 
18 95792 1 
18 16941 1 
18 138755 1 
18 41378 1 
18 64388 1 
18 41930 1 
18 58780 1 
18 34977 1 
18 11373 1 
18 114122 2 
18 118990 2 
18 6737 1 
18 93900 1 
18 64791 1 
18 45705 1 
18 85800 1 
18 50853 1 
18 133942 1 
18 892 1 
18 36428 1 
18 43133 1 
18 125931 1 
18 10863 1 
18 115532 1 
18 73622 1 
18 107594 1 
18 25420 1 
18 95114 1 
18 135435 1 
18 104829 1 
18 109506 1 
18 58997 1 
18 27698 1 
18 98567 1 
18 71134 1 
18 77117 1 
18 88175 1 
18 106947 1 
18 126326 1 
18 48581 1 
18 26697 1 
18 76878 1 
18 54262 1 
18 2961 1 
18 94695 1 
18 34275 1 
18 72178 1 
18 43167 1 
18 132068 1 
18 98512 1 
18 84246 1 
18 105896 1 
18 24905 1 
18 94618 1 
18 65881 1 
18 87250 1 
18 32935 1 
18 50727 1 
18 9293 1 
18 27164 1 
18 43889 1 
18 5747 1 
18 45613 1 
18 73620 1 
18 46875 1 
18 1653 1 
18 35083 1 
18 33100 1 
18 19762 1 
18 2690 1 
18 125205 1 
18 86629 1 
18 72963 1 
18 11336 1 
18 13924 1 
18 73797 1 
18 4707 2 
18 81162 1 
18 58672 1 
18 124527 1 
18 82663 1 
18 64632 1 
18 104160 1 
18 134131 1 
18 93550 1 
18 117428 1 
18 74103 1 
18 62384 1 
18 50134 1 
18 30076 1 
18 136505 1 
18 19862 1 
18 119965 1 
19 20618 1 
19 75694 1 
19 892 1 
19 107954 1 
19 24905 1 
19 66073 1 
19 131452 1 
19 23576 1 
19 72352 1 
19 71120 1 
19 64804 1 
19 94981 1 
19 22231 1 
19 51330 1 
19 12697 1 
19 86281 1 
20 118040 1 
20 107659 1 
20 103722 1 
20 105951 1 
20 58231 3 
20 136668 1 
20 104037 1 
20 89517 1 
20 83698 1 
20 99570 1 
20 79778 1 
20 42818 1 
20 139142 1 
20 84162 1 
20 39076 1 
20 115789 1 
20 92125 1 
20 76854 1 
20 40244 1 
20 44426 1 
20 64615 1 
20 13210 1 
20 48573 1 
20 118990 1 
20 87003 1 
20 109598 1 
20 47098 1 
20 115930 1 
20 101271 1 
20 23107 2 
20 132881 1 
20 14187 1 
20 63403 1 
20 19047 1 
20 36562 1 
20 68159 1 
20 51588 1 
20 94336 1 
20 81741 1 
20 31284 1 
20 9889 1 
20 85800 1 
20 50853 1 
20 85322 2 
20 126132 1 
20 465 1 
20 62282 1 
20 49661 1 
20 103024 1 
20 101716 1 
20 98212 1 
20 97270 1 
20 39111 1 
20 5782 1 
20 94971 1 
20 89824 1 
20 33097 1 
20 92515 1 
20 131566 1 
20 129270 1 
20 139313 1 
21 27258 1 
21 111215 1 
21 117315 1 
21 84133 1 
21 133375 1 
21 63784 1 
21 100371 3 
21 80005 2 
21 62869 1 
21 25517 1 
21 54965 1 
21 106669 1 
21 106758 2 
21 22059 1 
21 113646 4 
21 129434 1 
21 70798 2 
21 44766 1 
21 78512 1 
21 108055 1 
21 66903 1 
21 107887 1 
21 64615 1 
21 6982 1 
21 55629 1 
21 40096 1 
21 103186 1 
21 22492 1 
21 3882 1 
21 31655 1 
21 59860 1 
21 510 1 
21 11178 1 
21 126129 1 
21 92100 1 
21 97054 1 
21 18313 1 
21 115789 2 
21 65021 1 
21 37869 1 
21 85314 1 
21 107803 1 
21 105948 1 
21 17778 1 
21 94474 1 
21 70913 1 
21 71078 1 
21 111020 1 
21 12144 1 
21 14144 1 
21 63170 1 
21 77417 1 
21 71134 1 
21 91557 1 
21 107154 1 
21 58231 1 
21 130140 2 
21 52313 1 
21 41427 1 
21 5153 1 
21 66445 2 
21 119610 1 
21 114079 1 
21 107838 1 
21 72352 1 
21 49443 1 
21 12812 1 
21 138241 1 
21 32497 1 
21 58456 1 
21 12697 1 
21 115003 1 
21 122437 1 
21 8314 1 
21 58048 1 
22 90090 2 
22 107954 4 
22 59132 1 
22 104887 1 
22 116563 4 
22 117907 1 
22 107721 2 
22 32935 2 
22 107887 1 
22 22391 1 
22 114310 1 
22 83183 4 
22 86177 2 
22 72178 2 
22 92125 1 
22 93550 1 
22 45886 1 
22 77417 2 
22 465 1 
22 33803 2 
22 41762 1 
22 21151 1 
22 133522 1 
22 51109 1 
22 125330 1 
22 7670 2 
22 51572 1 
22 136111 1 
22 102206 1 
22 36396 2 
22 43623 1 
22 135258 1 
22 5719 2 
22 107050 1 
22 98937 1 
22 40009 1 
22 5153 4 
22 32080 1 
22 10349 1 
22 56612 1 
22 61961 2 
22 10057 1 
22 107844 1 
22 87003 1 
22 8146 1 
22 65607 1 
22 13908 1 
22 64615 2 
22 120109 1 
22 104033 1 
22 85110 1 
22 41522 1 
22 80995 1 
22 18136 1 
22 126978 1 
22 32768 1 
22 13177 1 
22 19624 1 
22 102779 1 
22 106683 1 
22 117738 1 
22 35074 1 
22 133763 1 
22 15589 1 
22 58231 2 
22 15758 1 
22 105236 2 
22 46936 1 
22 59529 1 
22 38660 1 
22 24322 1 
22 112197 1 
22 93158 1 
22 115959 1 
22 87652 1 
22 33657 1 
22 86171 1 
22 2274 1 
22 36081 1 
22 6926 1 
22 33176 1 
22 15773 1 
22 5655 1 
22 105129 2 
22 85974 2 
22 59206 1 
22 96216 1 
22 106235 1 
22 69068 1 
22 125627 1 
22 112783 1 
22 78003 1 
22 32558 1 
22 129330 1 
22 46279 1 
22 56796 1 
22 34225 1 
22 63492 1 
22 16235 1 
22 93299 1 
22 49847 1 
22 88554 1 
22 99347 1 
22 85663 1 
22 136668 1 
22 56751 1 
22 14402 1 
22 11044 1 
22 16209 1 
23 21612 1 
23 11307 1 
23 72352 1 
23 79601 1 
23 85800 1 
23 50853 1 
23 100382 2 
23 51588 2 
23 50469 1 
23 57049 1 
23 124527 1 
23 52565 1 
23 47673 1 
23 6613 1 
23 63417 1 
23 72519 1 
23 42818 1 
23 125335 2 
23 17272 1 
23 55039 1 
23 69062 1 
23 66445 1 
23 59125 5 
23 5153 2 
23 112322 1 
23 121751 1 
23 80005 1 
23 88554 3 
23 11373 2 
23 39457 1 
23 15604 1 
23 781 1 
23 36801 1 
23 43450 1 
23 73207 1 
23 128837 1 
23 19945 1 
23 59132 1 
23 99160 1 
23 112069 1 
23 117346 1 
23 60901 1 
23 57721 1 
23 41762 1 
23 9889 1 
23 32935 1 
23 111857 1 
23 1084 1 
23 35216 1 
23 49443 2 
23 129434 2 
23 61946 2 
23 107558 1 
23 89517 1 
23 21151 1 
23 75240 1 
24 85495 1 
24 9070 1 
24 93550 2 
24 112113 1 
24 68269 1 
24 58231 2 
24 29755 2 
24 70826 1 
24 119247 1 
24 62333 1 
24 40451 1 
24 91821 1 
24 25998 1 
24 88708 1 
24 13661 2 
24 20429 2 
24 105129 1 
24 115789 1 
24 114310 1 
24 132403 1 
24 42448 1 
24 125258 1 
24 126886 1 
24 138291 1 
24 118104 1 
24 6025 1 
24 124486 1 
24 49443 1 
24 70395 1 
24 131949 1 
24 18808 1 
24 75240 1 
24 79576 1 
24 47548 1 
24 128837 1 
24 89200 1 
24 137675 1 
24 112954 1 
24 47527 1 
24 101207 1 
24 20850 1 
24 69138 1 
24 88554 1 
24 41762 1 
24 51330 1 
24 46757 1 
24 85800 1 
24 124817 1 
24 44742 1 
24 49122 1 
24 111361 1 
24 97248 1 
24 38099 1 
24 111383 1 
24 126978 1 
24 23974 1 
24 83039 1 
24 70902 1 
24 3761 1 
24 46897 1 
24 88125 1 
24 77993 1 
24 126192 1 
24 53537 1 
24 132632 1 
24 56926 1 
24 107803 1 
24 86177 1 
24 102445 1 
24 109084 1 
24 7867 1 
24 25011 1 
24 125686 1 
24 90062 1 
24 54157 1 
24 133771 1 
24 76478 1 
24 26391 1 
24 96526 1 
24 131411 1 
24 102606 1 
24 117389 1 
24 94697 1 
24 79327 1 
24 68862 1 
24 118178 1 
24 6088 1 
24 127735 1 
24 16530 1 
24 22918 1 
24 138074 1 
24 5153 3 
24 47617 1 
24 93864 1 
24 31687 1 
24 87708 1 
24 104160 2 
24 136975 1 
24 77393 1 
24 37988 1 
24 26427 1 
24 67664 1 
24 124559 1 
24 25277 3 
24 139263 1 
24 58672 1 
24 91174 1 
24 95871 1 
24 134268 1 
24 126132 1 
24 43450 1 
24 107954 1 
25 33624 2 
25 95846 1 
25 33141 1 
25 128042 1 
25 24043 1 
25 93550 1 
25 57919 1 
25 8972 1 
25 102560 1 
25 113319 1 
25 22231 1 
25 126725 1 
25 65333 1 
25 126480 1 
25 57500 1 
25 21502 1 
25 71861 1 
25 37583 1 
25 51998 1 
25 2384 1 
25 62860 1 
25 58231 6 
25 111976 1 
25 17429 3 
25 106825 1 
25 29700 1 
25 128075 1 
25 5516 1 
25 100371 3 
25 41762 1 
25 124738 1 
25 55629 1 
25 113641 2 
25 96345 5 
25 72069 1 
25 22353 2 
25 84133 1 
25 387 1 
25 35224 1 
25 102849 1 
25 87936 1 
25 89471 2 
25 6276 1 
25 114310 1 
25 43680 1 
25 107488 1 
25 63993 1 
25 126132 3 
25 53840 1 
25 83183 2 
25 43684 2 
25 100098 1 
25 106302 1 
25 73434 2 
25 68829 1 
25 42612 1 
25 1653 1 
25 7117 1 
25 4865 1 
25 39164 1 
25 111020 3 
25 3775 1 
25 62869 1 
25 70798 2 
25 31322 1 
25 65620 1 
25 46558 1 
25 56329 1 
25 63533 1 
25 82323 1 
25 77968 1 
25 45458 1 
25 49847 3 
25 110697 1 
25 95643 1 
25 103968 1 
25 64233 1 
25 135618 1 
25 73578 1 
25 97055 1 
25 133522 1 
25 93315 1 
25 46213 1 
25 103420 1 
25 94720 1 
25 48961 2 
25 8785 1 
25 10194 1 
25 88677 1 
25 46142 1 
25 137073 1 
25 44632 1 
25 32480 1 
25 56028 1 
25 117479 1 
25 72263 1 
25 40838 1 
25 51397 1 
25 107887 1 
25 16420 1 
25 100374 1 
25 64451 1 
25 84286 1 
25 63199 1 
25 30300 1 
25 77417 2 
25 91997 1 
25 122235 2 
25 46415 1 
25 23287 2 
25 102356 2 
25 113511 1 
25 72625 1 
25 72178 1 
25 15279 1 
25 86804 1 
25 82833 2 
25 26864 1 
25 66689 1 
25 138496 1 
25 52137 1 
25 29005 1 
25 1727 1 
25 15377 1 
25 49136 1 
25 64977 1 
25 59373 1 
25 74681 1 
25 119025 1 
25 125400 1 
25 3792 1 
25 11044 1 
25 26427 1 
25 34568 1 
25 137199 1 
25 35292 1 
25 102629 1 
25 103001 1 
25 35125 2 
25 23515 1 
25 23974 2 
25 108199 1 
25 85322 1 
25 137190 1 
25 101293 1 
25 133942 1 
25 98503 1 
25 80226 1 
25 25638 2 
25 47782 3 
25 7750 1 
25 83753 1 
25 20053 1 
25 45909 1 
25 34092 1 
25 118990 2 
25 127820 1 
25 91366 1 
25 36789 1 
25 94998 1 
25 24968 1 
25 50978 1 
25 69503 1 
25 78001 1 
25 126331 1 
25 98397 1 
25 67995 1 
25 88554 1 
25 69068 1 
25 98253 1 
25 50082 1 
25 118104 1 
25 60484 1 
25 17449 1 
25 87003 2 
25 31937 1 
25 37336 1 
25 55717 1 
25 63323 1 
25 29533 1 
25 118055 1 
25 105394 1 
25 118354 1 
25 91467 1 
25 101375 1 
25 43265 2 
25 1719 1 
25 115581 2 
25 12074 1 
25 98859 1 
25 58912 1 
25 126591 1 
25 108643 1 
25 108438 1 
25 133205 1 
25 116391 1 
25 59380 1 
25 93032 1 
25 105101 1 
25 102019 1 
25 18308 2 
25 112137 1 
25 46772 1 
25 114122 3 
25 61658 2 
25 133843 1 
25 110354 1 
25 1815 1 
25 113152 1 
25 25037 1 
25 11484 1 
25 21124 1 
25 93299 1 
25 6025 1 
25 77270 1 
25 86680 1 
25 127240 1 
25 98304 1 
25 36626 1 
25 16737 1 
25 8298 1 
25 134789 1 
25 131608 1 
25 71503 1 
25 75240 1 
25 109496 1 
25 83325 1 
25 124369 1 
25 114244 1 
26 107954 1 
26 52782 1 
26 71461 1 
26 74614 1 
26 47765 1 
26 41620 1 
26 102450 1 
26 105831 1 
26 117428 1 
26 128137 1 
26 129772 1 
26 80005 1 
26 81162 1 
26 41508 1 
26 6025 1 
26 111020 1 
26 42818 1 
26 19041 1 
26 64343 1 
26 5153 1 
26 76856 1 
26 21229 1 
26 65273 2 
26 85257 2 
26 49847 1 
26 12521 1 
26 43133 1 
26 53775 1 
26 8146 1 
26 6497 1 
27 139253 1 
27 116134 10 
27 135258 3 
27 92253 2 
27 46702 4 
27 83571 1 
27 137470 6 
27 27750 1 
27 94119 2 
27 77417 1 
27 39079 1 
27 6131 2 
27 129434 3 
27 7413 1 
27 17156 1 
27 89407 4 
27 125326 1 
27 114219 1 
27 61895 1 
27 109496 1 
27 5240 7 
27 29604 1 
27 39453 1 
27 94697 1 
27 38665 1 
27 16109 2 
27 17778 5 
27 129029 1 
27 41508 3 
27 99977 1 
27 137368 1 
27 137558 1 
27 122539 3 
27 90062 2 
27 103722 1 
27 109010 1 
27 82395 2 
27 43123 1 
27 107050 1 
27 23651 1 
27 47928 1 
27 115898 1 
27 90858 1 
27 122040 1 
27 29885 1 
27 126891 1 
27 133117 1 
27 128655 1 
27 54045 4 
27 57764 1 
27 17701 1 
27 32520 2 
27 72721 1 
27 113061 1 
27 126027 1 
27 30774 1 
27 24020 2 
27 138766 1 
27 65401 1 
27 11910 1 
27 58231 1 
27 120885 1 
27 118844 1 
27 86004 2 
27 5153 3 
27 75934 1 
27 6613 2 
27 103496 1 
27 60889 1 
27 136859 1 
27 63492 2 
27 130734 1 
27 105343 1 
27 22350 2 
27 105129 1 
27 54817 1 
27 121964 1 
27 25352 2 
27 63727 4 
27 124527 2 
27 62060 1 
27 8472 1 
27 43495 2 
27 89332 3 
27 73565 2 
27 41004 1 
27 41762 1 
27 56956 1 
27 84552 1 
27 9781 1 
27 85669 1 
27 55400 1 
27 64615 5 
27 128429 1 
27 102666 1 
27 98763 1 
27 95643 3 
27 87401 1 
27 73620 1 
27 806 2 
27 102203 1 
27 119297 2 
27 133640 1 
27 48218 1 
27 108480 1 
27 94936 1 
27 78086 1 
27 37435 1 
27 77993 1 
27 130622 1 
27 54020 1 
27 125274 1 
27 58405 1 
27 40787 1 
27 121545 1 
27 133717 1 
27 95494 1 
27 23098 2 
27 21229 1 
27 129217 1 
27 133752 1 
27 68708 2 
27 116008 1 
27 127992 1 
27 50906 1 
27 43785 1 
27 136352 1 
27 33097 1 
27 88409 1 
27 37204 1 
27 59910 1 
27 94316 1 
27 69142 1 
27 51478 1 
27 86318 1 
27 60692 1 
27 80616 1 
27 125109 1 
27 117293 1 
27 117428 1 
27 48568 2 
27 80480 1 
27 63877 1 
27 13549 2 
27 111020 4 
27 193 1 
27 92882 1 
27 102827 2 
27 107803 8 
27 129983 1 
27 86398 1 
27 103637 1 
27 88554 2 
27 64343 3 
27 112484 1 
27 59975 1 
27 111383 1 
27 36238 3 
27 52185 1 
27 129112 1 
27 5516 2 
27 138172 1 
27 5854 1 
27 77837 1 
27 52704 2 
27 62946 1 
27 75714 1 
27 131976 1 
27 66860 1 
27 80005 3 
27 62333 1 
27 45477 3 
27 92143 2 
27 7949 1 
27 87447 1 
27 121239 1 
27 54912 1 
27 101375 1 
27 64632 1 
27 50421 1 
27 88555 1 
27 2993 1 
27 74006 1 
27 134120 1 
27 42818 1 
27 78204 2 
27 68865 1 
27 68420 1 
27 26742 1 
27 53883 1 
27 135740 1 
27 88086 1 
27 42819 1 
27 53824 1 
27 107390 2 
27 32757 1 
27 115789 3 
27 6025 4 
27 117007 2 
27 61452 1 
27 69474 1 
27 112536 1 
27 3569 1 
27 62434 1 
27 8379 1 
27 119965 1 
27 41814 1 
27 69068 2 
27 6169 6 
27 30192 2 
27 4571 5 
27 20613 3 
27 97678 2 
27 124648 1 
27 24905 1 
27 44570 1 
27 59206 1 
27 5773 1 
27 35764 1 
27 119610 1 
27 35978 1 
27 18651 1 
27 83183 1 
27 104348 1 
27 132346 1 
27 36801 1 
27 111261 1 
27 5612 1 
27 2081 1 
27 11723 1 
27 52165 1 
27 119860 1 
27 75240 1 
27 60 1 
27 8066 1 
27 2959 1 
27 13317 1 
27 113182 1 
27 54117 1 
27 86050 1 
27 111167 1 
27 25049 1 
27 105236 2 
27 130707 1 
27 109715 1 
27 50978 1 
27 54075 1 
27 129971 1 
27 18172 1 
27 126326 1 
27 128961 2 
27 71103 1 
27 35043 1 
27 105437 1 
27 45043 1 
27 12259 1 
27 15299 1 
27 111858 1 
27 5719 1 
27 21151 1 
27 91613 1 
27 122954 1 
27 126978 1 
27 22602 1 
27 81947 1 
27 108073 1 
27 54351 1 
27 93338 1 
27 15866 1 
27 107558 1 
27 20811 1 
27 133138 1 
27 140038 1 
27 55292 1 
27 40483 1 
27 107887 1 
27 102711 1 
27 16137 1 
27 85195 1 
27 135291 1 
27 86904 1 
27 28913 1 
27 29496 1 
27 95624 1 
27 118104 1 
27 62435 1 
27 18698 1 
27 30186 2 
27 42249 1 
27 111148 1 
27 7695 1 
27 97055 1 
27 7867 1 
27 85974 1 
27 8721 1 
27 92125 1 
27 127014 1 
27 77845 1 
27 109176 1 
27 84598 1 
27 26067 1 
27 59334 2 
27 86395 1 
27 99237 2 
27 38183 1 
27 34225 1 
27 126132 1 
27 16467 1 
27 133408 2 
27 61330 1 
27 127791 2 
27 16167 1 
27 111392 2 
27 90990 2 
27 82485 2 
27 40252 2 
27 48306 2 
27 127735 1 
27 120279 1 
27 110398 1 
27 112390 1 
27 118462 1 
27 67468 1 
27 15742 1 
27 121831 1 
27 49117 1 
27 23670 1 
27 52396 1 
27 118927 1 
27 110543 1 
27 5221 1 
27 34092 1 
27 118990 1 
27 140091 1 
27 13638 1 
27 125627 1 
27 7069 1 
27 17465 1 
27 49862 1 
27 22391 1 
27 131966 1 
27 43450 1 
27 87003 1 
27 137410 1 
27 122050 1 
27 29965 1 
27 46070 1 
27 4819 1 
27 106697 1 
27 68435 1 
27 21824 1 
27 23860 1 
27 118718 2 
27 136633 1 
27 71836 2 
27 86915 1 
27 99599 1 
27 122724 1 
27 69615 1 
27 100191 1 
27 24831 1 
27 98212 1 
27 83410 1 
27 31896 1 
27 133650 1 
27 20053 1 
27 23782 1 
27 140089 1 
27 108550 1 
27 129270 1 
27 125993 3 
27 63979 1 
27 65716 1 
27 3775 1 
27 133951 1 
27 68345 1 
27 76826 1 
27 113741 1 
27 39164 1 
27 27640 1 
27 117163 1 
27 18808 1 
27 40746 1 
27 104315 1 
27 127801 1 
27 113746 1 
28 117428 1 
28 58810 1 
28 95265 1 
28 9781 1 
28 65923 1 
28 107954 1 
28 125205 1 
28 115789 1 
28 21260 1 
28 6088 1 
28 86177 1 
28 72618 1 
28 91248 1 
28 116051 1 
28 85069 1 
28 31694 1 
28 114657 3 
28 122827 1 
28 35157 1 
28 42210 1 
28 90088 1 
28 139925 1 
28 76255 1 
28 66058 1 
28 112091 1 
28 66398 1 
28 111431 1 
28 126112 1 
28 137898 1 
28 59450 1 
28 136612 1 
28 4887 1 
28 101375 2 
28 49465 1 
28 7999 1 
28 9674 1 
28 80005 1 
28 43889 1 
28 7670 1 
28 58231 1 
29 126891 1 
29 90004 1 
29 465 2 
29 90145 8 
29 64355 1 
29 35795 1 
29 129971 2 
29 90297 1 
29 131185 1 
29 55926 2 
29 33657 2 
29 11440 1 
29 117239 1 
29 138638 1 
29 333 1 
29 73565 1 
29 5427 1 
29 116140 1 
29 83150 1 
29 87196 3 
29 31977 1 
29 139976 3 
29 100218 1 
29 73947 1 
29 51470 2 
29 103001 2 
29 56751 1 
29 7999 1 
29 81213 1 
29 22996 1 
29 108438 1 
29 58231 2 
29 22918 1 
29 113725 3 
29 61377 1 
29 76615 1 
29 123408 1 
29 5511 2 
29 99979 1 
29 59173 1 
29 72127 1 
29 117178 1 
29 67482 2 
29 29985 1 
29 84872 2 
29 78512 1 
29 10930 3 
29 118176 2 
29 77993 2 
29 46558 1 
29 53939 1 
29 81870 1 
29 102404 1 
29 61616 1 
29 20022 1 
29 100817 1 
29 34266 1 
29 32609 1 
29 137664 4 
29 1349 1 
29 107887 1 
29 16420 1 
29 10583 1 
29 96532 1 
29 37869 1 
29 48188 1 
29 73039 1 
29 128663 1 
29 88601 1 
29 12481 2 
29 126132 3 
29 32798 2 
29 107366 1 
29 119255 2 
29 119483 1 
29 96592 1 
29 40823 1 
29 21151 2 
29 26067 1 
29 107998 1 
29 99476 1 
29 66050 1 
29 57017 1 
29 31553 1 
29 80918 1 
29 59161 1 
29 75215 1 
29 100979 1 
29 53285 1 
29 9378 1 
29 112872 1 
29 128400 1 
29 22353 1 
29 83906 1 
29 75384 1 
29 57920 1 
29 107488 1 
29 66900 1 
29 56190 1 
29 121099 1 
29 37027 1 
29 97269 1 
29 97248 1 
29 114389 1 
29 14673 1 
29 26336 1 
29 84436 1 
29 62788 1 
29 5364 1 
29 117428 1 
29 67720 1 
29 48961 1 
29 66603 1 
29 11209 1 
29 70246 1 
29 24043 1 
29 39292 1 
29 21716 2 
29 133763 1 
29 18136 2 
29 136304 1 
29 64615 2 
29 91179 2 
29 75472 4 
29 139024 1 
29 91681 1 
29 60 1 
29 42383 1 
29 137394 1 
29 72178 1 
29 86010 1 
29 33987 1 
29 21817 1 
29 76278 1 
29 69543 1 
29 11838 1 
29 900 1 
29 98712 2 
29 29141 1 
29 62435 1 
29 59433 1 
29 19801 1 
29 125981 1 
29 43889 1 
29 26864 1 
29 42589 1 
29 130440 1 
29 125479 1 
29 102666 1 
29 83753 1 
29 43880 1 
29 51836 1 
29 1237 1 
29 62258 1 
29 35037 1 
29 1898 1 
29 892 1 
29 115789 1 
29 125205 3 
29 67174 1 
29 56395 1 
29 84677 1 
29 84427 1 
29 135456 2 
29 93222 2 
29 5153 4 
29 82366 1 
29 9820 1 
29 137178 1 
29 74579 1 
29 88554 1 
29 35470 1 
29 61672 2 
29 111581 1 
29 30941 1 
29 77642 1 
29 136375 1 
29 118053 1 
29 13908 1 
29 6982 1 
29 137368 1 
29 51869 1 
29 23594 1 
29 80764 1 
29 15196 1 
29 34257 1 
29 44766 1 
29 16336 1 
29 22231 1 
29 111548 2 
29 69689 1 
29 55200 1 
29 84598 1 
29 66282 1 
29 20053 1 
29 70773 1 
29 42830 1 
29 139419 1 
29 118868 1 
29 94746 1 
29 11725 1 
29 9930 2 
29 86437 1 
29 100425 1 
29 93065 1 
29 76479 1 
29 33940 1 
29 4720 1 
29 77417 2 
29 37682 1 
29 33029 1 
29 41814 1 
29 24905 1 
29 95643 1 
29 41378 1 
29 53625 1 
29 56010 1 
29 51960 1 
29 97270 1 
29 131462 1 
29 129309 1 
29 121470 1 
29 1653 1 
29 15078 1 
29 42448 1 
29 129533 1 
29 71329 1 
29 34582 1 
29 61943 1 
29 7330 1 
29 98717 1 
29 116394 1 
29 46491 1 
29 70512 1 
29 119919 1 
29 57507 1 
29 71237 1 
29 113034 1 
29 36278 1 
29 120279 1 
29 59380 1 
29 16235 1 
29 59340 1 
29 92253 1 
29 92878 1 
29 118015 1 
29 117220 1 
29 106677 1 
29 26427 1 
29 111958 1 
30 64678 1 
30 62563 3 
30 64671 1 
30 20811 1 
30 126833 1 
30 96506 1 
30 52704 1 
30 103371 1 
30 31382 1 
30 69951 1 
30 104656 1 
30 6025 2 
30 90479 3 
30 15051 1 
30 78684 1 
30 64615 3 
30 36975 1 
30 101375 1 
30 84312 1 
30 105236 1 
30 4324 1 
30 35074 1 
30 46462 1 
30 31977 1 
30 65779 1 
30 57572 1 
30 7042 2 
30 11122 1 
30 39164 1 
30 63297 1 
30 7670 2 
30 727 1 
30 54075 1 
30 68291 1 
30 135542 1 
30 12276 1 
30 4707 1 
30 133804 1 
30 121475 1 
30 7695 1 
30 12481 1 
30 93550 1 
30 78157 1 
30 77285 1 
30 41762 1 
30 111020 1 
30 42818 1 
30 39319 1 
31 136670 1 
31 36801 1 
31 24989 2 
31 4883 1 
31 42818 3 
31 52357 2 
31 75893 1 
31 112003 1 
31 84559 1 
31 65824 1 
31 66058 1 
31 57526 1 
31 134054 1 
31 36471 1 
31 94971 1 
31 109506 1 
31 82480 2 
31 47002 1 
31 34223 1 
31 11702 1 
31 64205 1 
31 18308 3 
31 113156 2 
31 135258 3 
31 86813 1 
31 116275 1 
31 72674 1 
31 77778 1 
31 118868 2 
31 112589 1 
31 34388 1 
31 103099 1 
31 43495 1 
31 43123 1 
31 76856 1 
31 16798 1 
31 24631 1 
31 53960 1 
31 90077 1 
31 102206 1 
31 128639 1 
31 41814 2 
31 83753 1 
31 82080 1 
31 111020 2 
31 30770 1 
31 3761 1 
31 49443 1 
31 5511 1 
31 75895 1 
31 126713 1 
31 92116 1 
31 46491 1 
31 27177 1 
31 126132 2 
31 75240 3 
31 104716 1 
31 115880 1 
31 98684 1 
31 84246 1 
31 49733 1 
31 17373 1 
31 14757 1 
31 3569 3 
31 125330 3 
31 44766 1 
31 93655 1 
31 100371 3 
31 125976 4 
31 9870 1 
31 27750 1 
31 5153 5 
31 110486 1 
31 1237 1 
31 123525 1 
31 57861 1 
31 110698 1 
31 27096 1 
31 46744 1 
31 71022 1 
31 4279 1 
31 81238 1 
31 61452 1 
31 76068 1 
31 64615 3 
31 123311 1 
31 59606 1 
31 68057 1 
31 64431 3 
31 6613 7 
31 117004 1 
31 9738 1 
31 92869 1 
31 125018 3 
31 114663 1 
31 45110 1 
31 8774 1 
31 16567 1 
31 83566 1 
31 55642 1 
31 95624 2 
31 137410 2 
31 125205 1 
31 75934 1 
31 123915 1 
31 99070 1 
31 2840 1 
31 122539 1 
31 19869 1 
31 17825 2 
31 5516 2 
31 11478 1 
31 78906 1 
31 106139 1 
31 28023 2 
31 106567 1 
31 129097 1 
31 17842 1 
31 54117 1 
31 112608 1 
31 124714 1 
31 137777 1 
31 87401 1 
31 6025 3 
31 118350 1 
31 29731 1 
31 29965 1 
31 48908 1 
31 40138 1 
31 99740 1 
31 13740 1 
31 73565 1 
31 56612 1 
31 43899 2 
31 96515 2 
31 90227 1 
31 78512 2 
31 23872 10 
31 3984 5 
31 117299 1 
31 7440 3 
31 130622 1 
31 26561 1 
31 101317 1 
31 45705 1 
31 128137 1 
31 113241 1 
31 107051 1 
31 9118 1 
31 54817 1 
31 21078 1 
31 31823 1 
31 138241 1 
31 33112 1 
31 35954 1 
31 14422 1 
31 121777 1 
31 126725 2 
31 125371 1 
31 105281 1 
31 10732 2 
31 9462 1 
31 31611 1 
31 37222 2 
31 113061 1 
31 134854 1 
31 137045 2 
31 77856 1 
31 48568 2 
31 125681 1 
31 53113 1 
31 35795 1 
31 50346 1 
31 67855 2 
31 88582 1 
31 77624 1 
31 102739 1 
31 80480 1 
31 23563 1 
31 77589 1 
31 99797 1 
31 43517 1 
31 85974 3 
31 24905 2 
31 82089 1 
31 39632 1 
31 1759 1 
31 95643 2 
31 94247 1 
31 91248 1 
31 35721 1 
31 43163 1 
31 126879 1 
31 41508 1 
31 105674 1 
31 94026 1 
31 105111 1 
31 119610 2 
31 26964 1 
31 17778 2 
31 129433 1 
31 97202 1 
31 137073 1 
31 31920 1 
31 56786 1 
31 17473 1 
31 107558 1 
31 118844 1 
31 123411 1 
31 74999 1 
31 38972 1 
31 127992 1 
31 99825 1 
31 107954 2 
31 22598 3 
31 129434 3 
31 96282 1 
31 77417 3 
31 137592 3 
31 90062 1 
31 12481 2 
31 124208 1 
31 36238 1 
31 8146 2 
31 109841 1 
31 108782 2 
31 39857 1 
31 79584 1 
31 70913 2 
31 90223 2 
31 14144 1 
31 39674 1 
31 122876 2 
31 58231 3 
31 105236 2 
31 45271 1 
31 55514 1 
31 40634 1 
31 130341 1 
31 34259 1 
31 100102 1 
31 13336 1 
31 90447 1 
31 3576 1 
31 107887 2 
31 62502 2 
31 127735 2 
31 58411 2 
31 68829 1 
31 107803 2 
31 112232 1 
31 10919 2 
31 101082 1 
31 138074 1 
31 99401 1 
31 132189 2 
31 63659 1 
31 106677 1 
31 11239 1 
31 76941 1 
31 58655 1 
31 91366 1 
31 93299 2 
31 68732 3 
31 28750 1 
31 37687 1 
31 27582 1 
31 59486 1 
31 80005 4 
31 64319 1 
31 52185 2 
31 62060 1 
31 85713 1 
31 89407 1 
31 50190 1 
31 52704 1 
31 43167 1 
31 66959 1 
31 42975 1 
31 23084 1 
31 64632 1 
31 114310 1 
31 88409 2 
31 63368 2 
31 80624 2 
31 58593 1 
31 38440 1 
31 127477 1 
31 21612 1 
31 136978 1 
31 68270 1 
31 132080 1 
31 96532 1 
31 3204 1 
31 62333 1 
31 94697 2 
31 13752 1 
31 6422 3 
31 39457 2 
31 9976 1 
31 105129 1 
31 15078 1 
31 15589 1 
31 23974 1 
31 111225 1 
31 49847 3 
31 17617 1 
31 66267 1 
31 139509 1 
31 7259 1 
31 36038 1 
31 132188 1 
31 40984 1 
31 105721 1 
31 123803 1 
31 39132 1 
31 25603 1 
31 48829 1 
31 45549 1 
31 101375 1 
31 40018 1 
31 49004 1 
31 14146 1 
31 108798 1 
31 4620 1 
31 103722 3 
31 114122 1 
31 30472 1 
31 43367 1 
31 126092 1 
31 5719 1 
31 11975 1 
31 47674 1 
31 97678 2 
31 105573 1 
31 51470 1 
31 127791 1 
31 111791 1 
31 23523 1 
31 84242 1 
31 35216 1 
31 76970 1 
31 64343 1 
31 129533 1 
31 42448 1 
31 116022 1 
31 80530 1 
31 106159 1 
31 69333 1 
31 107469 1 
31 41460 1 
31 65300 1 
31 31284 1 
31 1667 1 
31 114110 1 
31 36396 1 
31 55495 1 
31 87422 2 
31 105216 1 
31 59647 1 
31 36665 1 
31 51247 1 
31 85192 1 
31 82485 1 
31 88291 1 
31 118574 1 
31 118462 1 
31 50853 2 
31 50978 1 
31 129029 2 
31 99278 1 
31 54912 1 
31 105714 1 
31 138077 1 
31 76456 1 
31 53340 1 
31 50264 1 
31 63575 1 
31 100235 1 
31 44045 1 
31 93774 1 
31 5655 1 
31 66761 1 
31 121239 1 
31 83571 1 
31 129309 1 
31 120270 1 
31 14343 1 
31 117428 1 
31 57325 1 
31 33776 1 
31 133771 1 
31 48277 1 
31 109010 1 
31 115789 1 
31 22893 1 
31 99630 1 
31 82844 1 
31 21229 1 
31 136425 1 
32 13757 2 
32 130876 2 
32 64615 1 
32 41762 1 
32 99455 1 
32 92514 1 
32 14144 1 
32 126112 1 
32 5183 1 
32 65765 1 
32 112948 1 
32 54197 1 
32 29345 1 
32 107954 2 
32 68862 1 
32 86735 1 
32 107998 1 
32 59173 1 
32 54775 1 
32 42975 1 
32 101082 1 
32 85974 2 
32 49627 1 
32 136110 1 
32 30864 1 
32 50346 1 
32 75921 1 
32 119610 1 
32 114079 1 
32 6310 2 
32 118104 1 
32 707 1 
32 17731 1 
33 58231 5 
33 137839 1 
33 12521 1 
33 46040 6 
33 27455 2 
33 59161 2 
33 130787 1 
33 107725 1 
33 11124 1 
33 133501 5 
33 114819 1 
33 134123 1 
33 32428 1 
33 132972 1 
33 117455 1 
33 123682 1 
33 21612 1 
33 91248 1 
33 31494 2 
33 43889 1 
33 126879 1 
33 96532 1 
33 127992 1 
33 33677 1 
33 40838 3 
33 33940 4 
33 103722 1 
33 5143 2 
33 115789 2 
33 43680 1 
33 88198 1 
33 83755 2 
33 39381 1 
33 14144 4 
33 113816 1 
33 133748 1 
33 62860 2 
33 75240 2 
33 130490 1 
33 11798 1 
33 34659 1 
33 127476 1 
33 97747 1 
33 109010 1 
33 59110 1 
33 1727 1 
33 107887 1 
33 64615 1 
33 80005 1 
33 16467 1 
33 29005 1 
33 121097 1 
33 119247 1 
33 87200 1 
33 90062 1 
33 25011 1 
33 16798 1 
33 102516 1 
33 66741 1 
33 52923 1 
33 17708 1 
33 12481 2 
33 26037 1 
33 29504 1 
33 89471 1 
33 45271 1 
33 55514 1 
33 15742 1 
33 102468 1 
33 85974 2 
33 57919 1 
33 75147 2 
33 68633 1 
33 20947 2 
33 117245 2 
33 28474 1 
33 73979 1 
33 99797 1 
33 130718 1 
33 127706 1 
33 8146 1 
33 87397 1 
33 136430 1 
33 33246 1 
33 82416 1 
33 96853 2 
33 125227 1 
33 75665 2 
33 77968 2 
33 49847 1 
33 12812 1 
33 23084 1 
33 42963 1 
33 71897 1 
33 8388 1 
33 61946 2 
33 106758 1 
33 23651 1 
33 22757 1 
33 5153 1 
33 22476 1 
33 127295 1 
33 78419 1 
33 118104 1 
33 40998 1 
33 31950 1 
33 72595 1 
33 104656 1 
33 88554 1 
33 42818 1 
33 26186 1 
33 78771 3 
33 126978 1 
33 52781 1 
33 43450 1 
33 5655 1 
33 101591 1 
33 81429 1 
33 106332 1 
33 5719 1 
33 115471 1 
33 30135 1 
33 102310 2 
33 75077 1 
33 122093 1 
33 131306 1 
33 42448 1 
33 95626 1 
33 41762 1 
33 59206 1 
33 99183 1 
33 139682 1 
33 120364 1 
33 82080 1 
33 132638 1 
33 101375 1 
33 38553 1 
33 103034 1 
33 58658 1 
33 41378 1 
33 52782 1 
33 47114 1 
33 124559 1 
33 1787 1 
33 81122 1 
33 113646 1 
33 129434 1 
34 87003 1 
34 49443 1 
34 1429 1 
34 103722 1 
34 119965 1 
34 138798 1 
34 112389 1 
34 121826 1 
34 36281 1 
34 117783 1 
34 41814 2 
34 87196 1 
34 86630 1 
34 41670 1 
34 28483 1 
34 89407 1 
34 63307 1 
34 55660 2 
34 3904 1 
34 95207 1 
34 88595 1 
34 59529 1 
34 132189 2 
34 27975 1 
34 84239 1 
34 77417 1 
34 104847 1 
34 126408 1 
34 36471 1 
34 65824 1 
34 70705 1 
34 107565 1 
34 51836 1 
34 39624 1 
34 21205 1 
34 105292 1 
34 48457 1 
34 54075 1 
34 42818 1 
34 116924 1 
34 31977 1 
34 104807 1 
34 98776 1 
34 64615 1 
34 81670 1 
34 59206 1 
34 59216 1 
34 9034 1 
34 109643 1 
34 51588 1 
34 7718 1 
34 124296 1 
34 119483 1 
34 127759 1 
34 121239 1 
34 94119 1 
34 94340 1 
34 58582 1 
34 72519 1 
34 52781 1 
34 3761 1 
34 4620 1 
34 45705 1 
34 5153 1 
34 48568 1 
34 26810 1 
34 112954 1 
34 77968 1 
34 111383 1 
35 12083 1 
35 5153 2 
35 104160 1 
35 2368 1 
35 132403 1 
35 14485 1 
35 92125 1 
35 109157 2 
35 24916 1 
35 113156 1 
35 53750 1 
35 82663 2 
35 6025 3 
35 44596 1 
35 65333 1 
35 38187 1 
35 89517 1 
35 64578 1 
35 117346 2 
35 7867 1 
35 71898 1 
35 49471 1 
35 70434 1 
35 117428 1 
35 107954 4 
35 83039 3 
35 9035 1 
35 81306 1 
35 64615 2 
35 13899 1 
35 99237 2 
35 85974 1 
35 76893 1 
35 115309 1 
35 136668 1 
35 43133 1 
35 99797 1 
35 38099 1 
35 48568 1 
35 23974 1 
35 23055 1 
35 118104 1 
35 132309 1 
35 128732 1 
35 88687 1 
35 117137 1 
35 89461 1 
35 19824 1 
35 44682 1 
35 42818 1 
35 34225 1 
35 58720 1 
35 111821 1 
35 77968 2 
35 135924 1 
35 101375 1 
35 125205 2 
35 136670 1 
35 63077 1 
35 75240 1 
35 6737 1 
35 102633 1 
35 126978 1 
35 5753 1 
35 106332 1 
35 33940 1 
35 19535 1 
35 105129 1 
35 14913 1 
35 88554 1 
35 1856 1 
35 102516 1 
35 17988 1 
35 114300 1 
35 83718 1 
35 22391 1 
35 81326 1 
35 78161 1 
36 122954 1 
36 70798 2 
36 35674 1 
36 105343 3 
36 18683 1 
36 58231 1 
36 5153 1 
36 32134 1 
36 49961 2 
36 4969 1 
36 129971 1 
36 100330 1 
36 7670 1 
36 139142 1 
36 69730 1 
36 26427 2 
36 81538 1 
36 114616 1 
36 42818 2 
36 101111 1 
36 99803 1 
36 90077 1 
36 103637 1 
36 88554 1 
36 66445 1 
36 95624 2 
36 57919 1 
36 93223 1 
36 14246 1 
36 61943 1 
36 12683 1 
36 133640 1 
36 28101 1 
36 122592 1 
36 48886 1 
36 110759 1 
36 2084 1 
36 78973 1 
36 25326 2 
36 94026 1 
36 130308 1 
36 111821 1 
36 6737 1 
36 6025 1 
36 52704 1 
36 121304 2 
36 126132 1 
36 63784 1 
36 67664 1 
36 96526 1 
36 13336 1 
36 3761 1 
36 137898 1 
36 68270 1 
36 122590 1 
36 43450 1 
36 83755 1 
36 114079 1 
36 107954 1 
36 115581 1 
36 17449 1 
36 106327 1 
36 10930 1 
36 84748 1 
36 73062 1 
36 123803 1 
37 12812 2 
37 51470 1 
37 112921 1 
37 24905 1 
37 36092 1 
37 91772 1 
37 105951 1 
37 2045 1 
37 5516 1 
37 64205 1 
37 90062 2 
37 126132 2 
37 3775 1 
37 87584 1 
37 52781 1 
37 68329 1 
37 45216 1 
37 92134 1 
37 64977 1 
37 58672 1 
37 79369 1 
37 19869 1 
37 138658 1 
37 7964 1 
37 33141 1 
37 8785 1 
37 110698 1 
37 69068 1 
37 86394 1 
37 21524 1 
37 101206 1 
37 58776 1 
37 34225 1 
37 140089 1 
37 53977 1 
37 24857 1 
37 17328 1 
37 9593 1 
37 1066 1 
37 104160 1 
37 63784 1 
37 5719 1 
37 52942 1 
37 46279 1 
37 47882 1 
37 9930 1 
37 94600 1 
37 48886 1 
37 100371 1 
37 77270 1 
37 85974 1 
37 137269 1 
37 10732 1 
37 27258 1 
37 70798 1 
37 3417 1 
37 41930 1 
37 68865 1 
37 115789 1 
37 94695 1 
37 16798 1 
37 88554 1 
37 99347 1 
37 124527 1 
37 64343 1 
37 66535 1 
37 123042 1 
37 76893 1 
38 99079 1 
38 27726 2 
38 140073 1 
38 136670 1 
38 131966 3 
38 107954 8 
38 41762 1 
38 91727 4 
38 85363 3 
38 99630 1 
38 99797 1 
38 56612 1 
38 136550 2 
38 100637 1 
38 55514 1 
38 107887 4 
38 114310 2 
38 17918 1 
38 105129 1 
38 71130 1 
38 12489 1 
38 52782 1 
38 115003 1 
38 12812 1 
38 45216 2 
38 129434 1 
38 103722 1 
38 112398 1 
38 8146 1 
38 23987 1 
38 98304 1 
38 89409 1 
38 80005 2 
38 19979 1 
38 96532 1 
38 6613 1 
38 66445 1 
38 920 1 
38 5511 1 
38 46847 1 
38 61658 1 
38 117428 1 
38 67059 1 
38 65697 1 
38 133942 1 
38 42551 1 
38 121692 1 
38 95466 1 
38 89517 1 
38 78190 1 
38 43450 1 
38 25326 1 
38 88554 1 
38 136668 1 
38 23388 1 
38 93778 1 
38 124950 1 
38 43889 1 
38 63417 1 
38 119656 1 
38 129029 1 
38 76255 1 
39 114029 1 
39 64615 4 
39 112921 2 
39 41762 2 
39 36801 1 
39 68397 2 
39 75764 2 
39 107577 4 
39 72887 3 
39 106669 1 
39 51929 1 
39 13266 1 
39 53077 1 
39 100263 1 
39 68973 1 
39 99616 1 
39 65765 1 
39 22533 1 
39 17429 2 
39 58231 7 
39 6613 5 
39 64671 1 
39 61161 1 
39 118104 1 
39 113942 1 
39 136948 7 
39 120439 1 
39 90182 1 
39 52960 10 
39 58582 1 
39 129648 1 
39 120436 1 
39 4620 1 
39 124201 1 
39 61378 1 
39 107587 1 
39 61404 1 
39 102468 1 
39 77270 2 
39 6025 3 
39 80005 2 
39 5153 5 
39 13488 1 
39 37461 1 
39 109506 1 
39 86560 1 
39 17946 1 
39 25011 1 
39 31950 1 
39 86779 1 
39 102666 1 
39 34092 1 
39 44567 1 
39 59846 1 
39 112456 1 
39 86804 2 
39 25205 1 
39 9193 1 
39 33657 1 
39 72716 2 
39 41798 2 
39 137675 1 
39 50831 1 
39 121831 1 
39 59661 2 
39 42154 1 
39 76358 1 
39 27374 1 
39 57833 1 
39 122553 1 
39 94695 1 
39 76144 1 
39 60 1 
39 70351 1 
39 93299 1 
39 88554 3 
39 137045 1 
39 62502 1 
39 36128 1 
39 137898 2 
39 10979 1 
39 109813 1 
39 109496 1 
39 26427 2 
39 130354 1 
39 126480 1 
39 126891 1 
39 105831 1 
39 40753 1 
39 64119 1 
39 61961 1 
39 5516 2 
39 76983 1 
39 118035 1 
39 40009 1 
39 33940 1 
39 54351 1 
39 44766 1 
39 136111 1 
39 43450 1 
39 44426 1 
39 82366 1 
39 103276 1 
39 64205 1 
39 83347 1 
39 115471 1 
39 24785 1 
39 75240 1 
39 99631 1 
39 21124 2 
39 46938 1 
39 70968 1 
39 15238 1 
39 54075 1 
39 38306 1 
39 107887 2 
39 32935 1 
39 76255 1 
39 76893 1 
39 103637 1 
39 3199 1 
39 15690 1 
39 108438 2 
39 76878 1 
39 103493 1 
39 93023 1 
39 42476 1 
39 59975 1 
39 36458 1 
39 93778 1 
39 31325 1 
39 134437 1 
39 83361 2 
39 67897 1 
39 93032 2 
39 66058 1 
39 134131 1 
39 89517 1 
39 100859 1 
39 28929 1 
39 86171 1 
39 118469 1 
39 122440 1 
39 97088 1 
39 24914 1 
39 59173 2 
39 73565 1 
39 118990 1 
39 6737 1 
39 73797 1 
39 113760 1 
39 8381 2 
39 94767 1 
39 83753 2 
39 125162 1 
39 60168 1 
39 138241 1 
39 109288 1 
39 111167 1 
39 61658 1 
39 136668 1 
39 122437 2 
39 13336 1 
39 129452 1 
39 100371 1 
39 58997 3 
39 121413 1 
39 93989 1 
39 16723 1 
39 73346 1 
39 12837 1 
39 126132 1 
39 138355 1 
39 22042 1 
39 118868 1 
39 2690 1 
39 19535 1 
39 82129 1 
39 3775 1 
39 103207 1 
39 83183 1 
39 100686 1 
39 124310 1 
39 43562 1 
39 68797 1 
39 83853 1 
39 47016 1 
39 132150 1 
39 123408 2 
39 44596 3 
39 100740 1 
39 137187 1 
39 112779 1 
39 29576 1 
39 69068 1 
39 78419 1 
39 132403 1 
39 30022 1 
39 111835 1 
39 124947 1 
39 109010 1 
39 7330 1 
39 72947 1 
39 11044 1 
39 12481 1 
39 110044 1 
39 38409 1 
39 104256 1 
39 34714 1 
39 136790 1 
39 104652 1 
39 51862 1 
39 385 1 
39 99949 1 
39 135258 2 
39 12175 1 
39 72837 1 
39 40793 1 
39 781 1 
39 65382 1 
39 124286 1 
39 113400 1 
39 64117 1 
39 52194 1 
39 106235 1 
39 24831 1 
39 2870 1 
39 136244 1 
39 18014 1 
39 113646 1 
39 103099 1 
39 14489 1 
39 24339 1 
39 103315 1 
39 18808 1 
39 118392 1 
39 127122 1 
39 53911 1 
39 5556 1 
39 111548 1 
39 79648 1 
39 121826 1 
39 124221 1 
39 33892 1 
39 61946 1 
40 69902 1 
40 58231 2 
40 41119 1 
40 136668 2 
40 92125 2 
40 108338 1 
40 115789 1 
40 38991 1 
40 82212 1 
40 6613 1 
40 124290 1 
40 86420 1 
40 23974 1 
40 54075 2 
40 120609 2 
40 87040 1 
40 20618 1 
40 35976 1 
40 9689 1 
40 111821 2 
40 85974 1 
40 106669 1 
40 66445 1 
40 118104 1 
40 113783 1 
40 62860 1 
40 68708 4 
40 45679 2 
40 139130 2 
40 131177 2 
40 8458 1 
40 83965 1 
40 105129 2 
40 47591 1 
40 76627 1 
40 66986 1 
40 48886 1 
40 105264 1 
40 4103 1 
40 26494 1 
40 3902 1 
40 5725 2 
40 107954 2 
40 127731 1 
40 2452 1 
40 109010 1 
40 1554 1 
40 115304 1 
40 86629 1 
40 56612 1 
40 36092 1 
40 48103 1 
40 116200 1 
40 4329 1 
40 112782 1 
40 31782 1 
40 89093 1 
40 5655 1 
40 44201 1 
40 132987 1 
41 15742 1 
41 42818 1 
41 39791 1 
41 102329 1 
41 134247 1 
41 26690 1 
41 12540 1 
41 91540 1 
41 70193 1 
41 110180 1 
41 77756 2 
41 105129 1 
41 670 1 
41 11151 1 
41 52292 1 
41 84242 1 
41 65091 1 
41 102203 1 
41 49443 1 
41 124497 1 
41 6630 1 
41 115964 1 
41 102469 1 
41 31388 1 
41 78113 1 
41 118741 1 
41 86302 1 
41 23087 1 
41 49295 1 
41 87869 1 
41 112003 1 
41 134585 1 
41 27283 1 
41 63199 1 
41 138155 1 
41 100253 1 
41 112137 1 
41 25011 2 
41 44951 1 
41 102776 1 
41 69919 1 
41 69062 1 
41 108497 1 
41 49118 1 
41 6584 1 
41 27213 1 
41 135933 1 
41 62860 1 
41 115299 1 
41 29520 3 
41 8973 1 
41 14252 1 
41 55248 1 
41 50772 1 
41 51299 1 
41 68663 1 
41 62068 1 
41 106767 1 
41 13568 1 
41 3775 1 
41 92125 1 
41 3199 1 
41 96881 1 
41 61254 1 
41 128225 1 
41 134352 1 
41 60220 1 
41 87812 1 
41 26306 1 
41 56859 1 
41 57403 1 
41 48103 1 
41 99128 1 
41 31612 1 
41 75459 1 
41 56976 1 
41 67744 1 
41 59495 1 
41 31998 1 
41 41725 1 
41 89274 1 
41 125954 1 
41 22470 1 
41 98843 1 
41 128497 1 
41 76856 1 
41 4707 1 
41 48886 2 
41 113533 1 
41 26974 1 
41 107552 1 
41 56275 1 
41 93269 1 
41 9684 1 
41 55973 1 
41 66369 1 
41 128877 1 
41 8393 1 
41 8129 1 
41 49222 1 
41 32867 1 
41 60136 1 
41 68708 1 
41 25399 1 
41 122506 1 
41 71461 1 
41 16445 1 
41 29985 1 
41 82945 1 
41 6239 1 
41 28077 1 
41 125746 1 
41 109506 1 
41 101111 1 
41 70798 1 
41 41331 1 
41 44768 1 
41 76478 1 
41 17221 1 
41 18686 1 
41 8319 1 
41 112474 1 
41 84331 1 
41 1636 1 
41 92267 1 
41 9781 1 
41 123092 1 
41 3023 1 
41 77417 1 
41 105858 1 
41 105111 1 
41 12521 1 
41 93014 1 
41 107782 1 
41 6071 1 
41 137 1 
41 43502 1 
41 117963 1 
41 39616 1 
41 13563 1 
41 43341 1 
41 3612 1 
41 28097 1 
41 91572 1 
41 135545 1 
41 78067 1 
41 122631 1 
41 34883 1 
41 31950 1 
41 73971 1 
41 32072 1 
41 136321 1 
41 50864 1 
41 45911 1 
41 105031 1 
41 24559 1 
41 52543 1 
41 136232 1 
41 70913 1 
41 76115 1 
41 34092 1 
41 53462 1 
41 4687 1 
41 76350 1 
41 18712 1 
41 27486 1 
41 110323 1 
41 39457 1 
41 79115 1 
41 36895 1 
41 115471 1 
41 45218 1 
41 3761 1 
41 73076 1 
41 4753 1 
41 43124 1 
41 59206 1 
41 31665 1 
41 20312 1 
41 21349 1 
41 41399 1 
41 31683 1 
41 90457 1 
41 95071 1 
41 107034 1 
41 1097 1 
41 102752 1 
41 64527 1 
41 59228 1 
41 42467 1 
41 106935 1 
41 92774 1 
41 126049 1 
41 88141 1 
41 40978 1 
41 104274 1 
42 77642 1 
42 126480 1 
42 107954 5 
42 80480 1 
42 49627 1 
42 73797 1 
42 42589 1 
42 5719 1 
42 74772 2 
42 118254 2 
42 36801 2 
42 11975 1 
42 100817 1 
42 14144 1 
42 44596 1 
42 124129 1 
42 49939 1 
42 118104 1 
42 107887 1 
42 76751 1 
42 59552 1 
42 93505 1 
42 104078 1 
42 125340 1 
42 76878 1 
42 22074 1 
42 35216 1 
42 11824 1 
42 102464 1 
42 136668 1 
42 41762 1 
42 64615 1 
42 90227 1 
42 53668 1 
42 70913 1 
42 90223 1 
42 42448 1 
42 82844 2 
42 5153 1 
42 26306 1 
42 46936 1 
42 102329 2 
42 52781 1 
43 119575 1 
43 27164 1 
43 135927 1 
43 70798 1 
43 95626 1 
43 15440 1 
43 10246 1 
43 59255 1 
43 24339 1 
43 46356 1 
43 62502 1 
43 75240 1 
43 42818 1 
43 74999 1 
43 78863 1 
43 129112 1 
43 88601 1 
43 17194 1 
43 43562 1 
43 20285 1 
43 5916 1 
43 87235 1 
43 125330 1 
43 16336 1 
43 1974 1 
43 35442 1 
43 116924 1 
43 114310 1 
43 84619 1 
43 127731 1 
43 39372 1 
43 102276 1 
43 123968 1 
43 110414 1 
43 90182 1 
43 63297 1 
43 93076 1 
43 73076 1 
43 31352 1 
43 59529 1 
43 57325 1 
43 52782 1 
43 104315 1 
43 77968 1 
43 115789 1 
43 111781 1 
43 58231 1 
43 37869 1 
43 136668 1 
43 24905 1 
43 66073 1 
43 107803 1 
43 8807 1 
43 50978 1 
43 92092 1 
43 104114 1 
43 128519 1 
43 28297 1 
43 85974 1 
43 35764 1 
43 120270 1 
43 81049 1 
43 133946 1 
43 43450 1 
43 79338 1 
43 129253 1 
43 33141 1 
43 19167 1 
43 46847 1 
44 77968 1 
44 85974 5 
44 107954 7 
44 6025 2 
44 114210 1 
44 51456 1 
44 94695 1 
44 16798 1 
44 25759 1 
44 123037 1 
44 48568 1 
44 38665 1 
44 5655 3 
44 23388 1 
44 59206 1 
44 48886 3 
44 21205 2 
44 41119 1 
44 50978 1 
44 70139 1 
44 55581 1 
44 58089 1 
44 129533 1 
44 136787 1 
44 114567 1 
44 67483 1 
44 135143 1 
44 95643 1 
44 125371 1 
44 19463 1 
44 14898 1 
44 10732 1 
44 9930 2 
44 102426 1 
44 87110 1 
44 128288 1 
44 137898 1 
44 102546 1 
44 21151 1 
44 82571 1 
44 88554 2 
44 44766 1 
44 128407 1 
44 42448 1 
44 136960 1 
44 53960 1 
44 56612 1 
44 92878 1 
44 52704 1 
44 14913 1 
44 55949 1 
44 17465 1 
44 35216 1 
44 122506 1 
44 15078 1 
44 26052 1 
44 51997 1 
44 64615 1 
44 57593 1 
44 77417 1 
44 6310 1 
44 102666 1 
44 24094 1 
44 16139 1 
44 140172 1 
44 80005 1 
44 5153 1 
44 118906 1 
44 114122 1 
44 107515 1 
44 36801 2 
44 90888 1 
44 42818 1 
44 13336 1 
44 129736 2 
44 18156 2 
44 25011 1 
44 125627 1 
44 87787 1 
44 62563 2 
44 41762 1 
44 123803 1 
44 64678 1 
44 89517 1 
44 79369 1 
44 113916 1 
44 117346 1 
44 136430 1 
44 132148 1 
44 76255 1 
44 24026 1 
44 83718 1 
44 105573 1 
44 95836 1 
45 5153 1 
45 6025 3 
45 107954 3 
45 114122 1 
45 58810 1 
45 44766 1 
45 98212 1 
45 135258 2 
45 64632 1 
45 64615 1 
45 59173 1 
45 135726 1 
45 20483 1 
45 36801 1 
45 94474 3 
45 126132 1 
45 43124 1 
45 12697 1 
45 126879 1 
45 91248 1 
45 94618 1 
45 13488 1 
45 77968 1 
45 129434 1 
45 52782 2 
45 5719 1 
45 33097 2 
45 24339 1 
45 50978 2 
45 108472 1 
45 137675 3 
45 75322 1 
45 12481 1 
45 85974 1 
45 80295 1 
45 103637 1 
45 88554 1 
45 52781 2 
45 3775 1 
45 132135 1 
45 29788 1 
45 133596 1 
45 76255 2 
45 80026 1 
45 111990 1 
45 19154 1 
45 129066 1 
45 34466 1 
45 68286 1 
45 5926 1 
45 27443 1 
45 32867 1 
45 42589 1 
45 55642 1 
45 36095 1 
45 109010 1 
45 4420 1 
45 73178 1 
45 41331 1 
45 67911 1 
46 49868 1 
46 115789 1 
46 70372 1 
46 58231 5 
46 117346 1 
46 52782 1 
46 79120 1 
46 69502 1 
46 50688 1 
46 58005 1 
46 45349 2 
46 30864 1 
46 40236 1 
46 11032 1 
46 126480 1 
46 5153 1 
46 43889 1 
46 106677 1 
46 87003 1 
46 93299 1 
46 16530 1 
46 34925 1 
46 24339 1 
46 77417 1 
46 6131 1 
46 43450 1 
46 119483 1 
46 129434 1 
46 63949 1 
46 27164 1 
46 108417 1 
46 42937 1 
46 93550 1 
46 104007 1 
46 34680 1 
46 23862 1 
46 111020 1 
46 61374 1 
46 14144 1 
46 42818 1 
46 50190 1 
46 47224 1 
46 136668 1 
46 64784 1 
46 33940 1 
46 106669 1 
46 111821 1 
46 37036 1 
46 130308 1 
46 85956 1 
46 80555 1 
46 46757 1 
46 61946 1 
46 34225 1 
46 85974 1 
46 125205 1 
46 76374 1 
46 125902 1 
46 89751 1 
47 89200 1 
47 85431 1 
47 138716 3 
47 58231 3 
47 47093 2 
47 51470 1 
47 58810 1 
47 105129 1 
47 42818 1 
47 103722 1 
47 74587 1 
47 70798 1 
47 892 1 
47 32008 1 
47 64678 1 
47 32935 1 
47 100817 1 
47 48886 2 
47 26067 1 
47 44596 1 
47 114374 2 
47 5153 1 
47 55938 1 
47 87003 1 
47 13915 1 
47 50974 1 
47 54075 1 
47 41508 1 
47 6025 1 
47 64615 2 
47 26494 1 
47 34266 1 
47 41814 1 
47 137368 1 
47 66445 1 
47 12848 1 
47 675 1 
47 93615 1 
47 104256 1 
47 31235 1 
47 87100 1 
47 66398 1 
47 41725 1 
47 3781 1 
47 76856 1 
47 82418 1 
47 136670 1 
47 97766 1 
47 81741 1 
47 133375 1 
47 30864 1 
47 85974 1 
47 107887 1 
47 76462 1 
47 77822 1 
47 124790 1 
47 114079 1 
47 107954 1 
48 95441 1 
48 135933 10 
48 104118 1 
48 64615 6 
48 102206 1 
48 42818 3 
48 99455 1 
48 70826 1 
48 5153 1 
48 78771 1 
48 56742 1 
48 128519 6 
48 89386 1 
48 39372 1 
48 114574 1 
48 41762 3 
48 102666 1 
48 51346 1 
48 122557 1 
48 106164 1 
48 34225 1 
48 126132 3 
48 134123 1 
48 127706 1 
48 35082 1 
48 5719 1 
48 104466 1 
48 113709 1 
48 122913 1 
48 2384 1 
48 138179 1 
48 8298 1 
48 91613 1 
48 3655 1 
48 76878 1 
48 19979 1 
48 92125 2 
48 56796 1 
48 49939 1 
48 89316 1 
48 82938 1 
48 137860 1 
48 85713 1 
48 39164 1 
48 23169 1 
48 15589 1 
48 8899 1 
48 90324 1 
48 36801 1 
48 51250 1 
48 74825 2 
48 88115 2 
48 104367 2 
48 7440 3 
48 110523 1 
48 33431 1 
48 8808 1 
48 104160 1 
48 50978 2 
48 45549 1 
48 114081 1 
48 43317 1 
48 23057 1 
48 9870 1 
48 30770 1 
48 101111 1 
48 66086 1 
48 46077 1 
48 38155 3 
48 96360 1 
48 53195 1 
48 139058 1 
48 84554 1 
48 133401 1 
48 116573 1 
48 8611 1 
48 88554 3 
48 13568 1 
48 39322 1 
48 33940 1 
48 36396 1 
48 94276 1 
48 29367 3 
48 33556 2 
48 49977 1 
48 80005 2 
48 133946 1 
48 108131 1 
48 98212 2 
48 9002 1 
48 131593 1 
48 100371 2 
48 89071 2 
48 52274 2 
48 91567 1 
48 83906 1 
48 51998 1 
48 48908 1 
48 127759 1 
48 26628 2 
48 94600 1 
48 76052 1 
48 57459 1 
48 13346 1 
48 71130 2 
48 102925 1 
48 133522 1 
48 90260 1 
48 46940 1 
48 29604 1 
48 39663 1 
48 84427 1 
48 89461 2 
48 85974 1 
48 62060 1 
48 13336 1 
48 5773 1 
48 108377 1 
48 87506 1 
48 43889 1 
48 126891 2 
48 73621 1 
48 66559 1 
48 43495 1 
48 9889 2 
48 125627 2 
48 10120 1 
48 50893 1 
48 32840 1 
48 97766 1 
48 89407 1 
48 90521 1 
48 122235 1 
48 79120 1 
48 9717 1 
48 107887 1 
48 35976 1 
48 27164 1 
48 91179 1 
48 115581 1 
48 9024 1 
48 134975 1 
48 61680 1 
48 59173 1 
48 108500 1 
48 117634 1 
48 87571 1 
48 9674 1 
48 130707 1 
48 50394 1 
48 11112 1 
48 32428 1 
48 64343 1 
48 29000 1 
48 5516 7 
48 26742 1 
48 17825 1 
48 103034 1 
48 32798 1 
48 77417 1 
48 101320 1 
48 109741 1 
48 82418 1 
48 126103 1 
48 30071 1 
48 29780 1 
48 68875 1 
48 71203 2 
48 11044 2 
48 104115 1 
48 100997 1 
48 88897 1 
48 112091 1 
48 76144 1 
48 127477 1 
48 67184 1 
48 58869 2 
48 51247 1 
48 134693 1 
48 44156 1 
48 49847 2 
48 34112 1 
48 41930 1 
48 20418 1 
48 41508 1 
48 5945 1 
48 19535 2 
48 35470 1 
48 25638 1 
48 127126 1 
48 5747 1 
48 119409 1 
48 86044 1 
48 53516 1 
48 125018 1 
48 90990 1 
48 118718 1 
48 90091 1 
48 75104 1 
48 87322 1 
48 93299 2 
48 9820 2 
48 124059 1 
48 93778 1 
48 118990 2 
48 43367 1 
48 81213 1 
48 42612 1 
48 131966 1 
48 23213 1 
48 99476 1 
48 6613 3 
48 108528 1 
48 91248 1 
48 21205 1 
48 101375 2 
48 49443 1 
48 47002 1 
48 111176 1 
48 130206 1 
48 76893 1 
48 6025 1 
48 107954 4 
48 26067 1 
48 8466 1 
48 116940 1 
48 72331 1 
48 110765 1 
48 64432 1 
48 66860 3 
48 129270 1 
48 96680 1 
48 69142 1 
48 92253 1 
48 93505 1 
48 12812 1 
48 79338 1 
48 135258 1 
48 62435 1 
48 115789 1 
48 104143 1 
48 13643 1 
48 47673 1 
48 50700 1 
48 77270 1 
48 76970 1 
48 78357 1 
48 98038 1 
48 50922 1 
48 104208 1 
48 72830 1 
48 116856 1 
48 121723 1 
48 115017 1 
48 12489 1 
48 44002 1 
48 116394 1 
48 111418 1 
48 71586 1 
48 67238 1 
48 43151 1 
48 6314 1 
48 123525 1 
48 97096 1 
48 100544 1 
48 62869 1 
48 44150 1 
48 41958 2 
48 124527 1 
48 26864 1 
48 9677 1 
48 25010 1 
48 119965 1 
48 30188 1 
48 54816 1 
48 127539 1 
48 76837 1 
48 54075 1 
48 41378 1 
48 21425 1 
48 24905 1 
49 130490 1 
49 136948 6 
49 108474 1 
49 126891 2 
49 52960 1 
49 16955 3 
49 16467 1 
49 97678 3 
49 111092 3 
49 21702 1 
49 41798 1 
49 64977 1 
49 110044 1 
49 106589 1 
49 76144 1 
49 86435 1 
49 66146 1 
49 122237 1 
49 59173 2 
49 93128 1 
49 33940 2 
49 116140 2 
49 80530 1 
49 81644 1 
49 49661 2 
49 138261 1 
49 103722 1 
49 72175 1 
49 19801 1 
49 73565 2 
49 113156 1 
49 9022 1 
49 23815 1 
49 107577 2 
49 72887 1 
49 53668 1 
49 74500 1 
49 88554 6 
49 67076 1 
49 3814 1 
49 40152 1 
49 26286 1 
49 107954 4 
49 86779 1 
49 103637 1 
49 43889 1 
49 102809 1 
49 106669 1 
49 50190 3 
49 117004 1 
49 68802 1 
49 83753 1 
49 132403 1 
49 126326 1 
49 110541 1 
49 65765 3 
49 61946 1 
49 31273 1 
49 18808 1 
49 33657 2 
49 85713 1 
49 24905 1 
49 90062 1 
49 5427 1 
49 98434 1 
49 9462 1 
49 41378 3 
49 44766 1 
49 4221 1 
49 32935 1 
49 88687 2 
49 89407 1 
49 103392 1 
49 10741 1 
49 81741 1 
49 35935 1 
49 80077 1 
49 98342 1 
49 73037 1 
49 124878 1 
49 139925 1 
49 85974 1 
49 46271 1 
49 104537 1 
49 68300 1 
49 12027 1 
49 76893 1 
49 125237 1 
49 2680 1 
49 119483 1 
49 132606 1 
49 70126 1 
49 10332 1 
49 100247 1 
49 83915 1 
49 57572 1 
49 107028 1 
49 48961 1 
49 28574 1 
49 86030 1 
49 33659 1 
49 51397 1 
49 54184 2 
49 68732 1 
49 132993 1 
49 28159 1 
49 53482 1 
49 115789 1 
49 64343 2 
49 79913 1 
49 96532 1 
49 21260 1 
49 63509 1 
49 77968 1 
49 42818 1 
49 133522 1 
49 62333 2 
49 36781 1 
49 38259 1 
49 120578 1 
49 9820 2 
49 67321 1 
49 93960 1 
49 83520 1 
49 127942 1 
49 35976 2 
49 52781 1 
49 61658 1 
49 59883 1 
49 107313 1 
49 61411 1 
49 79114 1 
49 22321 1 
49 8298 1 
49 109964 1 
49 8648 1 
49 104311 1 
49 13770 1 
49 84598 1 
49 128907 1 
49 110056 1 
49 107998 1 
49 109010 2 
49 40009 1 
49 19166 1 
49 96345 1 
49 81194 1 
49 22918 2 
49 77283 1 
49 36396 1 
49 51470 2 
49 95871 1 
49 5854 1 
49 61902 1 
49 77417 1 
49 103034 1 
49 61652 1 
49 81213 1 
49 101921 1 
49 89517 1 
49 47250 1 
49 56548 1 
49 124947 1 
49 108798 1 
49 137871 1 
49 36801 1 
49 39292 1 
49 124897 1 
49 38604 2 
49 74229 1 
49 93299 1 
49 47647 1 
49 18308 2 
49 77270 2 
49 113760 2 
49 1093 1 
49 128608 1 
49 63614 1 
49 94556 1 
49 100178 1 
49 87564 1 
49 13568 1 
49 104656 1 
49 13336 1 
49 129452 1 
49 25205 1 
49 63300 1 
49 40360 1 
49 16798 1 
49 101391 1 
49 137675 1 
49 28405 1 
49 70798 1 
