0 64615 3 
0 76893 1 
0 73841 1 
0 129533 2 
0 104160 2 
0 13638 2 
0 73195 1 
0 121658 1 
0 41721 2 
0 44766 2 
0 92125 3 
0 136734 1 
0 131083 5 
0 71036 11 
0 18308 2 
0 19928 2 
0 123887 2 
0 66445 4 
0 98304 4 
0 63713 1 
0 707 1 
0 93299 3 
0 101083 3 
0 83171 1 
0 99237 5 
0 57861 1 
0 4167 2 
0 128837 1 
0 116906 1 
0 93158 1 
0 39372 2 
0 91633 1 
0 126978 1 
0 108124 2 
0 90145 2 
0 40774 1 
0 97340 1 
0 42975 1 
0 81803 1 
0 44428 1 
0 86630 1 
0 121769 2 
0 124797 1 
0 14373 1 
0 23651 1 
0 70786 1 
0 5916 1 
0 114310 1 
0 89517 4 
0 25011 1 
0 32509 1 
0 78632 1 
0 20893 8 
0 69754 2 
0 105571 1 
0 138658 2 
0 73565 1 
0 117428 2 
0 69068 3 
0 55408 2 
0 72923 2 
0 100374 2 
0 23590 1 
0 17043 1 
0 65758 1 
0 111375 1 
0 115570 1 
0 51246 2 
0 129735 6 
0 127240 1 
0 47250 1 
0 109370 5 
0 134168 1 
0 32161 1 
0 105005 1 
0 29604 1 
0 121637 1 
0 139947 1 
0 18548 1 
0 119892 1 
0 22379 1 
0 122445 1 
0 45360 1 
0 62633 2 
0 37392 1 
0 76878 2 
0 103637 1 
0 102064 1 
0 94600 1 
0 132987 1 
0 52923 1 
0 93032 1 
0 100817 1 
0 22231 1 
0 93616 1 
0 65895 1 
0 104115 1 
0 52060 1 
0 90077 1 
0 92878 1 
0 104013 1 
0 3199 1 
0 81934 1 
0 129971 1 
0 111176 1 
0 109010 3 
0 110256 1 
0 136167 1 
0 48927 1 
0 126027 2 
0 32428 1 
0 41932 1 
0 79338 1 
0 8157 1 
0 135439 1 
0 6812 1 
0 125914 1 
0 41762 1 
0 23974 1 
0 37687 1 
0 93817 1 
0 72917 1 
0 53495 1 
0 109037 1 
0 26107 1 
0 112137 1 
0 39164 2 
0 117492 1 
0 120279 1 
0 58997 1 
0 21205 1 
0 61705 1 
0 24339 1 
0 35976 1 
0 100859 1 
0 125422 1 
0 101375 1 
0 121751 1 
0 55956 1 
0 55394 1 
0 64192 1 
0 136975 2 
0 27391 1 
0 19971 1 
0 34092 1 
0 7867 4 
0 80005 1 
0 134478 1 
0 42818 1 
0 55642 1 
0 137045 1 
0 36128 1 
0 63686 1 
0 33940 2 
0 85659 1 
0 45134 1 
0 93947 1 
0 19956 1 
0 64190 1 
0 83698 1 
0 62060 1 
0 59173 1 
0 65146 2 
0 213 6 
0 130048 1 
0 61946 1 
0 82186 1 
0 57919 1 
0 130508 1 
0 81810 1 
0 16316 1 
0 32867 1 
0 97892 1 
0 34582 1 
0 85974 1 
0 97480 2 
0 36726 1 
0 128164 1 
0 60561 1 
0 112350 1 
0 88409 1 
0 123525 2 
0 26416 1 
0 6025 1 
0 82452 2 
0 93023 1 
0 59975 1 
0 133496 1 
0 107101 1 
0 37239 1 
0 7042 1 
0 111337 2 
0 59943 1 
0 83755 2 
0 113223 1 
0 11466 1 
0 30242 1 
0 57667 1 
0 124924 1 
0 117060 1 
0 113569 2 
0 125902 2 
0 94183 1 
0 132876 1 
0 116614 1 
0 42448 1 
0 136886 1 
0 1625 1 
0 44768 1 
0 81162 1 
0 114907 1 
0 4707 1 
0 55973 1 
0 83715 1 
0 117007 1 
0 3775 2 
0 109495 1 
0 117655 2 
0 47002 1 
0 67664 1 
0 35082 1 
0 45618 1 
0 93987 1 
0 19624 1 
0 109157 1 
0 75764 1 
0 110438 2 
0 94618 1 
0 112754 1 
0 106758 1 
0 96631 1 
0 43018 1 
0 34094 1 
0 125627 2 
0 66753 2 
0 61658 2 
0 6276 1 
0 114819 2 
0 96680 1 
0 67076 1 
0 116685 1 
0 40195 1 
0 68274 1 
0 20559 1 
0 62502 2 
0 77247 1 
0 117172 1 
0 86044 1 
0 7784 1 
0 85296 1 
0 99862 1 
0 59883 1 
0 95446 1 
0 83095 1 
0 98609 1 
0 20972 1 
0 17429 1 
0 102037 1 
0 66073 1 
0 127735 1 
0 134947 1 
0 59300 1 
0 127731 1 
0 59380 1 
0 62860 2 
0 12683 1 
0 111392 4 
0 90990 3 
0 61532 1 
0 90062 1 
0 102468 1 
0 49939 1 
0 43889 1 
0 86050 1 
0 49846 1 
0 133771 1 
0 49811 1 
0 133640 1 
0 112314 1 
0 135006 1 
0 108172 1 
0 70826 1 
0 15690 1 
0 45897 2 
0 77837 1 
0 109304 1 
0 2163 1 
0 116991 1 
0 55601 1 
0 15772 1 
0 128066 1 
0 112245 1 
0 126415 1 
0 105641 1 
0 63610 1 
0 64431 1 
0 82921 2 
0 52194 1 
0 126132 1 
0 65358 1 
0 114122 1 
0 9335 1 
0 135258 1 
0 109749 1 
0 75174 1 
0 109430 1 
0 124377 1 
0 51247 1 
0 52114 1 
0 43180 1 
0 74445 1 
0 64544 2 
0 50678 1 
0 109841 1 
0 110044 1 
0 98513 1 
0 46491 1 
0 88991 1 
0 109496 1 
0 14971 1 
0 119922 1 
0 119001 1 
0 101908 1 
0 116120 1 
0 19535 1 
0 112091 1 
0 24905 1 
0 104140 1 
0 58810 1 
0 95643 1 
0 70935 1 
0 128561 1 
0 75151 1 
0 7440 1 
0 4808 1 
0 55010 1 
0 137474 1 
0 75725 1 
0 110528 1 
0 119355 1 
0 3135 1 
0 49333 1 
0 76970 1 
0 96911 1 
0 121911 1 
0 97088 1 
0 69902 1 
0 1549 1 
1 136668 1 
1 98304 1 
1 134132 2 
1 892 1 
1 5585 1 
1 66073 1 
1 80616 1 
1 47782 1 
1 117428 1 
1 134947 1 
1 44766 2 
1 89461 1 
1 104160 1 
1 129533 1 
1 130947 1 
1 126480 1 
1 82663 1 
1 33523 1 
1 13638 1 
1 127735 1 
1 18308 1 
1 35470 1 
1 4703 1 
1 98512 1 
1 69068 1 
1 74935 1 
1 105129 1 
1 29533 1 
1 16336 1 
1 3775 1 
1 106235 1 
1 56171 1 
1 6737 1 
1 136425 1 
1 32428 1 
1 50264 1 
1 225 1 
1 23414 1 
1 70798 1 
1 55318 1 
1 56612 1 
1 64632 2 
1 39164 2 
1 26306 1 
1 45360 1 
1 52197 1 
1 109010 1 
1 96532 1 
1 90062 1 
1 33940 1 
1 19535 1 
1 93299 1 
1 63949 1 
1 87003 1 
1 31352 1 
1 54075 1 
1 64615 3 
1 77270 1 
1 119930 1 
1 84904 1 
1 70464 1 
1 55926 1 
1 100371 1 
1 20721 1 
1 101375 1 
1 45678 1 
1 134867 1 
1 118990 1 
1 78003 1 
1 66445 1 
2 99079 1 
2 37869 1 
2 70798 1 
2 124412 1 
2 20466 1 
2 38973 1 
2 33745 1 
2 48523 1 
2 130484 1 
2 121755 1 
2 53840 1 
2 36128 1 
2 40978 1 
2 41725 3 
2 11786 3 
2 52704 1 
2 44766 1 
2 124624 1 
2 69754 1 
2 136886 1 
2 64615 2 
2 31352 1 
2 129297 1 
2 126480 1 
2 37677 1 
2 134123 1 
2 24857 1 
2 125902 2 
2 106693 1 
2 39164 1 
2 27558 1 
2 124817 1 
2 20878 2 
2 75574 1 
2 65881 1 
2 113783 1 
2 53291 1 
2 121611 1 
2 99463 1 
2 61447 1 
2 85877 1 
2 111821 1 
2 77993 1 
2 52103 1 
2 33568 1 
2 111548 1 
2 92613 1 
2 138450 1 
2 43889 1 
2 9289 1 
2 129434 1 
2 93778 1 
2 137045 1 
2 53537 1 
2 30839 2 
2 43124 1 
2 31518 1 
2 139554 1 
2 51025 1 
2 60924 1 
2 50512 1 
2 19956 1 
2 66142 1 
2 25439 1 
2 59206 1 
2 109010 1 
2 99080 1 
2 114310 1 
2 80172 1 
2 13770 1 
2 81195 1 
2 91614 1 
2 73076 1 
2 23388 1 
2 103027 1 
2 81491 1 
2 124897 1 
2 18893 1 
2 3135 1 
2 6611 1 
2 26864 1 
2 75535 1 
2 51400 2 
2 34965 1 
2 93879 1 
2 66407 1 
2 97417 1 
2 34973 1 
2 131976 2 
2 33962 1 
2 83361 1 
2 89750 1 
2 96592 1 
2 60745 1 
2 10990 1 
2 131324 1 
2 119079 1 
2 69875 1 
2 110528 1 
2 107844 1 
2 106268 1 
2 89700 1 
2 9820 1 
2 88687 1 
2 101078 1 
2 19928 1 
2 129734 1 
2 63199 1 
2 87273 2 
2 103795 1 
2 20691 1 
2 22231 1 
2 50858 1 
2 56329 1 
2 753 1 
3 45618 1 
3 126978 1 
3 85800 1 
3 67076 1 
3 96263 5 
3 39292 1 
3 89461 1 
3 29755 1 
3 99977 1 
3 59173 1 
3 89517 2 
3 48768 1 
3 64615 1 
3 98212 1 
3 135258 1 
3 20618 1 
3 85457 1 
3 95858 2 
3 112390 2 
3 61161 1 
3 26286 2 
3 36128 1 
3 123259 1 
3 69068 1 
3 55973 1 
3 100371 1 
3 26610 1 
3 90227 1 
3 4959 1 
3 6613 2 
3 138496 1 
3 136547 1 
3 6511 1 
3 47472 1 
3 75893 1 
3 62333 1 
3 130308 1 
3 139764 2 
3 111375 1 
3 43133 1 
3 91633 1 
3 80005 1 
3 71042 1 
3 91486 1 
3 72178 1 
3 3775 1 
3 56612 1 
3 124052 1 
3 44766 1 
3 130542 2 
3 16185 1 
3 45499 1 
3 50264 1 
3 65881 1 
3 6025 2 
3 17464 1 
3 117428 1 
3 73481 1 
3 124897 1 
3 99237 1 
3 70115 1 
3 67664 2 
3 104656 1 
3 32088 2 
3 37811 1 
3 110180 2 
3 123360 2 
3 85394 1 
3 109841 1 
3 43889 1 
3 53668 1 
3 73962 1 
3 41427 1 
3 128225 2 
3 47125 1 
3 118104 1 
3 71130 1 
3 103099 1 
3 111884 1 
3 9889 1 
3 130622 1 
3 42612 1 
3 22842 1 
3 39381 1 
3 26864 1 
3 69615 1 
3 21817 1 
3 51470 1 
3 54121 1 
3 129772 1 
3 42818 1 
3 35470 1 
3 114310 1 
3 113766 1 
4 31694 1 
4 87946 1 
4 132987 1 
4 45566 3 
4 124656 1 
4 47823 1 
4 73797 2 
4 30300 1 
4 42893 1 
4 76255 1 
4 82278 1 
4 59860 1 
4 70870 1 
4 51470 1 
4 75151 2 
4 94474 1 
4 113900 1 
4 114458 1 
4 129792 1 
4 30218 1 
4 1454 1 
4 125993 2 
4 121964 1 
4 1870 2 
4 29022 1 
4 136670 1 
4 72947 1 
4 11044 2 
4 126326 1 
4 59173 2 
4 95930 1 
4 54093 1 
4 104115 1 
4 31655 1 
4 43952 1 
4 91252 1 
4 51347 2 
4 14893 1 
4 77993 1 
4 50978 2 
4 136015 1 
4 42054 1 
4 66900 1 
4 92398 1 
4 64842 1 
4 3797 1 
4 23287 1 
4 133650 1 
4 104431 1 
4 18808 1 
4 62333 1 
4 46037 1 
4 34605 1 
4 140084 1 
4 43985 1 
4 14327 1 
4 113156 1 
4 64260 1 
4 103722 1 
4 73947 1 
4 111821 1 
4 85974 2 
4 93778 1 
4 30336 1 
4 23974 1 
4 21569 1 
4 43018 1 
4 33913 1 
4 33535 1 
4 125205 1 
4 22231 1 
4 44124 1 
4 103315 1 
4 118741 1 
4 104656 1 
4 129807 1 
4 33397 1 
4 12392 1 
4 55222 1 
4 35954 1 
4 137045 1 
4 60 1 
4 54295 1 
4 114040 1 
4 45705 1 
4 23961 1 
4 2274 1 
4 80005 1 
4 76878 1 
4 95598 1 
4 112091 1 
4 10031 1 
4 2044 1 
4 94537 1 
4 65038 1 
4 23523 1 
4 70826 1 
4 122557 1 
4 123519 1 
4 126480 1 
4 64615 1 
4 28765 1 
4 101375 1 
4 121963 1 
4 1581 1 
4 1130 1 
4 125686 1 
4 6611 1 
4 30124 1 
4 106857 1 
4 101064 1 
4 52781 1 
4 67664 1 
4 76879 1 
4 68984 1 
4 131306 1 
4 39791 1 
4 46936 1 
4 123989 1 
4 74946 1 
4 138716 1 
4 76462 1 
4 30449 1 
4 76854 1 
4 2496 1 
4 56260 1 
4 22598 1 
4 54121 1 
4 114829 1 
4 83698 1 
4 62858 1 
4 118452 2 
4 107803 1 
4 74955 1 
4 24026 1 
4 135626 1 
5 23945 1 
5 105665 1 
5 80295 1 
5 23651 1 
5 136975 1 
5 70913 1 
5 90223 1 
5 43124 1 
5 119965 1 
5 79053 1 
5 8146 1 
5 51330 1 
5 11124 1 
5 20637 1 
5 61330 1 
5 98968 1 
5 138816 1 
5 70826 1 
5 78771 1 
5 72178 1 
5 92125 1 
5 12144 1 
6 113156 1 
6 103360 1 
6 892 1 
6 94695 1 
6 99570 1 
6 64828 1 
6 128837 1 
6 22407 1 
6 86561 1 
6 86070 1 
6 73565 3 
6 36966 3 
6 119115 3 
6 109920 1 
6 136276 1 
6 126099 1 
6 120944 1 
6 118104 2 
6 71461 1 
6 109821 1 
6 73062 1 
6 31499 2 
6 23974 1 
6 121255 1 
6 40979 1 
6 139923 1 
6 96898 1 
6 134847 1 
6 41762 1 
6 71804 2 
6 33556 1 
6 9889 2 
6 138355 1 
6 111383 1 
6 819 1 
6 98035 1 
6 30770 1 
6 93980 1 
6 4655 1 
6 42612 1 
6 117004 1 
6 62333 2 
6 128587 1 
6 56199 1 
6 88409 1 
6 35216 1 
6 85610 1 
6 11887 1 
6 41378 1 
6 120270 1 
6 131707 1 
6 92253 1 
6 45613 1 
6 58013 1 
6 83940 1 
6 6099 1 
6 48494 1 
6 30907 1 
6 93146 1 
6 101375 1 
6 83698 1 
6 92878 1 
6 45721 1 
6 27157 1 
6 80005 1 
6 129736 1 
6 46360 1 
6 132309 1 
6 121437 1 
6 111024 1 
6 36509 1 
6 15075 1 
6 55601 1 
6 117007 1 
6 74075 1 
6 125284 1 
6 23868 1 
6 34092 1 
6 93168 1 
6 33940 1 
6 89471 1 
6 20285 1 
6 85800 1 
6 67076 1 
6 95377 1 
6 76115 1 
6 26864 2 
6 126480 1 
6 54262 1 
6 2961 3 
6 104223 1 
6 13336 2 
6 97270 1 
6 64615 1 
6 104656 2 
6 118972 1 
6 126132 1 
6 47250 1 
6 91248 2 
6 115682 1 
6 78419 1 
6 114310 1 
6 113942 1 
6 39020 1 
6 30457 1 
6 116245 1 
6 11000 2 
6 76893 1 
6 100817 1 
6 137875 1 
6 38665 1 
6 26306 1 
6 83933 1 
6 50190 1 
6 51081 1 
6 61934 1 
6 119455 1 
6 25309 1 
6 99264 1 
6 136355 1 
6 66900 1 
6 77993 1 
6 32 1 
6 74868 1 
6 1249 1 
6 116051 1 
6 109084 1 
6 26541 1 
6 53668 1 
6 5183 1 
6 100225 1 
6 112091 1 
6 19971 1 
6 106740 1 
6 83755 1 
6 64632 1 
6 94618 1 
6 129725 1 
6 98370 1 
7 85800 1 
7 32935 2 
7 50853 2 
7 134932 1 
7 59428 6 
7 115789 3 
7 29604 2 
7 109010 1 
7 64615 5 
7 37451 1 
7 30472 1 
7 103099 1 
7 45532 1 
7 76878 1 
7 11975 1 
7 56514 1 
7 105129 2 
7 136670 1 
7 44782 1 
7 43889 1 
7 20811 1 
7 76826 1 
7 81103 1 
7 51330 2 
7 1719 2 
7 81310 2 
7 129533 1 
7 114310 1 
7 63484 1 
7 12521 1 
7 46040 1 
7 131566 1 
7 86804 1 
7 81494 1 
7 94474 1 
7 126132 1 
7 98212 1 
7 47647 1 
7 67853 1 
7 96532 1 
7 52137 1 
7 36081 1 
7 83146 1 
7 61672 1 
7 104656 1 
7 5356 1 
7 90182 1 
7 8088 2 
7 23974 1 
7 104118 1 
7 135258 1 
7 59216 1 
7 23244 1 
7 21229 1 
7 97807 1 
7 133063 1 
7 63444 1 
7 68397 1 
7 123803 2 
7 33940 1 
7 29399 2 
7 43680 2 
7 122827 1 
7 39632 1 
7 116134 1 
7 100013 1 
7 84312 1 
7 41762 1 
7 76893 1 
7 47472 1 
7 43167 1 
7 18308 1 
7 4703 1 
7 17175 1 
7 39164 1 
7 47114 1 
7 129434 2 
7 13638 1 
7 49847 1 
7 8972 1 
7 102469 1 
7 69068 1 
7 106158 1 
7 99347 1 
8 892 1 
8 118452 1 
8 87003 1 
8 51330 1 
8 128450 1 
8 138186 1 
8 39632 1 
8 35976 1 
8 5907 1 
8 6613 1 
8 96345 1 
8 858 1 
8 111821 1 
8 30907 2 
8 131452 2 
8 9725 2 
8 104160 1 
8 18308 1 
8 4703 1 
8 43680 1 
8 100371 1 
8 105129 1 
8 45176 1 
8 109010 1 
8 30740 1 
8 42893 1 
8 64632 1 
8 136432 1 
8 21151 1 
8 31672 1 
8 9214 1 
9 48886 1 
9 81901 1 
9 10100 2 
9 116782 1 
9 103711 1 
9 65869 1 
9 129350 2 
9 105129 3 
9 67664 1 
9 50853 1 
9 858 1 
9 49847 1 
9 93550 1 
9 111383 1 
9 133872 1 
9 20601 1 
9 86751 1 
9 136111 1 
9 17449 1 
9 112322 1 
9 103099 1 
9 68829 1 
9 88687 1 
9 4637 1 
9 60191 1 
9 102064 1 
9 79755 1 
9 70798 1 
9 32097 1 
9 46940 1 
9 3682 1 
9 75318 1 
9 42612 1 
9 101375 1 
9 41814 1 
9 59125 1 
9 23294 1 
9 20618 1 
9 5521 1 
9 3775 1 
9 103517 1 
9 132987 1 
9 14423 1 
9 85974 1 
9 64432 1 
10 44766 2 
10 25111 2 
10 103099 1 
10 98212 1 
10 45703 1 
10 41762 1 
10 123172 2 
10 16798 1 
10 120092 1 
10 93132 1 
10 70913 1 
10 89932 1 
10 120846 1 
10 29084 1 
10 79369 1 
10 43133 1 
10 36238 1 
10 66860 1 
10 2690 1 
10 6025 2 
10 118868 1 
10 41378 1 
10 83325 1 
10 56084 1 
10 15690 1 
10 42876 1 
10 32935 1 
10 135258 2 
10 33940 1 
10 1653 2 
10 136668 1 
10 138794 1 
10 138366 1 
10 129434 1 
10 112530 2 
10 74725 2 
10 103024 1 
10 84133 1 
10 38833 1 
10 135151 1 
10 89517 2 
10 19535 1 
10 78877 1 
10 76893 1 
10 72682 1 
10 96532 1 
10 29077 1 
10 38425 1 
10 69801 1 
10 12883 1 
10 80885 1 
10 29755 1 
10 114819 1 
10 54075 1 
10 6604 1 
10 25420 3 
10 101204 3 
10 112674 3 
10 129297 1 
10 51470 1 
10 70826 1 
10 127759 1 
10 465 1 
10 78748 1 
10 63388 1 
10 48568 1 
10 99455 1 
10 60529 1 
10 9276 1 
10 1719 1 
10 88687 1 
10 134123 1 
10 58089 1 
11 22165 1 
11 67734 1 
11 8538 3 
11 30864 3 
11 88175 1 
11 41306 1 
11 125848 1 
11 95836 1 
11 79369 1 
11 109288 1 
11 13336 1 
11 59883 1 
11 135924 1 
11 59206 1 
11 34830 1 
11 29565 1 
11 114310 1 
11 51588 1 
11 94172 2 
11 16519 1 
11 132878 1 
11 127310 1 
11 71691 1 
11 50978 1 
11 90182 1 
11 127753 1 
11 107627 1 
11 115510 1 
11 43889 2 
11 92514 1 
11 87250 1 
11 93299 1 
11 6613 1 
11 139979 1 
11 83753 1 
11 37682 1 
11 57526 1 
11 73437 1 
11 1241 1 
11 33657 2 
11 93989 1 
11 15742 1 
11 132343 1 
11 10696 1 
11 37978 1 
11 9127 1 
11 54383 1 
11 57975 1 
11 85459 1 
11 6025 1 
11 85713 1 
11 19986 1 
11 134437 1 
11 23523 1 
11 36783 1 
11 118782 1 
11 137404 1 
11 42448 1 
11 111383 1 
11 117172 1 
11 64615 1 
11 38604 1 
11 76856 1 
11 35288 1 
11 75793 1 
11 98304 1 
11 14401 1 
11 66398 1 
12 68270 1 
12 29604 3 
12 70798 1 
12 41378 3 
12 4703 1 
12 124767 5 
12 68187 1 
12 25313 1 
12 31977 2 
12 104807 6 
12 81895 1 
12 21151 1 
12 122437 1 
12 109010 2 
12 32509 1 
12 119483 2 
12 137085 3 
12 1994 1 
12 91201 1 
12 130238 1 
12 26786 1 
12 23550 1 
12 19782 4 
12 65824 1 
12 43605 4 
12 44728 1 
12 61374 2 
12 96951 1 
12 103367 1 
12 126978 1 
12 137562 1 
12 74467 1 
12 139344 1 
12 107577 1 
12 73719 2 
12 133522 1 
12 45613 1 
12 49203 1 
12 91064 1 
12 35438 1 
12 127759 1 
12 133946 1 
12 114625 1 
12 64791 1 
12 68626 1 
12 83831 1 
12 26151 1 
12 95207 2 
12 74999 1 
12 93299 2 
12 114095 1 
12 37332 1 
12 103549 1 
12 12812 1 
12 42818 1 
12 83085 1 
12 77253 1 
12 50813 1 
12 122954 1 
12 113533 1 
12 105896 2 
12 9820 1 
12 106268 2 
12 64216 2 
12 49443 3 
12 18590 1 
12 80005 3 
12 92762 1 
12 37771 1 
12 135924 1 
12 26067 1 
12 106079 1 
12 59173 2 
12 72331 1 
12 90252 1 
12 38016 1 
12 51588 1 
12 100163 1 
12 6062 1 
12 81123 1 
12 31950 2 
12 3775 1 
12 91613 1 
12 14913 2 
12 17778 2 
12 123350 1 
12 7753 2 
12 115191 1 
12 125335 2 
12 71898 2 
12 72830 1 
12 106529 1 
12 99737 1 
12 64615 4 
12 72178 1 
12 2277 1 
12 102280 1 
12 62384 1 
12 126132 1 
12 132403 1 
12 47430 1 
12 78240 1 
12 139070 1 
12 36772 1 
12 42448 2 
12 98212 2 
12 111383 1 
12 125205 1 
12 64671 2 
12 86226 1 
12 98512 2 
12 76101 1 
12 102206 1 
12 134685 1 
12 38761 1 
12 122715 1 
12 133650 1 
12 28929 1 
12 109254 1 
12 107440 1 
12 113182 1 
12 71960 1 
12 77589 1 
12 86398 1 
12 125371 2 
12 114819 3 
12 48686 2 
12 55926 1 
12 78632 1 
12 87003 2 
12 138586 1 
12 8322 1 
12 14990 1 
12 83221 1 
12 121260 1 
12 111020 1 
12 67664 2 
12 5945 1 
12 102313 1 
12 54157 1 
12 69068 1 
12 114310 1 
12 131976 1 
12 112091 1 
12 105292 1 
12 48457 2 
12 105868 1 
12 124554 2 
12 120972 1 
12 28721 1 
12 12599 1 
12 523 1 
12 129725 1 
12 101375 1 
12 51247 1 
12 130622 1 
12 89569 1 
12 43889 1 
12 54816 1 
12 46668 1 
12 129447 1 
12 25111 1 
12 86804 1 
12 3741 1 
12 22339 1 
12 5906 1 
12 130564 1 
12 14672 1 
12 5516 1 
12 64343 1 
12 127735 2 
12 44307 1 
12 117428 1 
12 58810 1 
12 21687 1 
12 437 1 
12 70826 1 
12 66860 1 
12 106917 2 
12 37869 1 
12 6025 2 
12 131651 3 
12 55514 1 
12 23651 1 
12 57447 1 
12 22521 1 
12 263 1 
12 124845 1 
12 67495 1 
12 120933 1 
12 19979 1 
12 52090 1 
12 90457 1 
12 18585 1 
12 15494 1 
12 86652 1 
12 8354 1 
12 29525 1 
12 130308 1 
12 113646 1 
12 116247 1 
12 110005 1 
12 115003 1 
12 66445 1 
12 90191 1 
12 42054 1 
12 12259 1 
12 102468 1 
12 18378 1 
12 7956 1 
12 112200 1 
12 44026 1 
12 139525 1 
12 128429 1 
12 24339 1 
12 16530 1 
12 135072 1 
12 39164 1 
12 137898 1 
12 50864 1 
12 46405 1 
12 101590 1 
12 23782 1 
12 104656 1 
12 47753 1 
12 100623 1 
12 39663 1 
12 6535 1 
12 93145 1 
12 28495 1 
12 106231 1 
12 32840 2 
12 36975 1 
12 99278 1 
12 35216 1 
12 83039 1 
12 51586 1 
12 63783 1 
12 98516 1 
12 81463 1 
12 26427 1 
12 9070 1 
12 62502 1 
12 105820 1 
12 45287 1 
13 30472 1 
13 90482 1 
13 104033 1 
13 56329 1 
13 21124 1 
13 82212 1 
13 84943 4 
13 101934 1 
13 65736 1 
13 25509 2 
13 6982 1 
13 76186 1 
13 5252 1 
13 95600 1 
13 123375 1 
13 21204 1 
13 32134 1 
13 134753 1 
13 74999 1 
13 87003 1 
13 85974 1 
13 123803 1 
13 36814 1 
13 64671 1 
13 106327 2 
13 101466 1 
13 103975 1 
13 126132 1 
13 113646 1 
13 709 1 
13 41814 2 
13 116272 1 
13 106339 1 
13 127943 1 
13 99801 1 
13 73141 1 
13 107990 1 
13 8993 1 
13 76837 1 
13 47782 1 
13 85495 1 
13 47114 1 
13 104160 1 
13 126978 1 
13 92744 1 
13 105320 1 
13 52185 1 
13 51588 1 
13 74931 1 
13 47098 1 
13 34114 1 
13 46632 1 
13 6025 1 
13 90191 1 
13 17814 1 
13 5800 1 
13 20691 1 
13 71461 1 
13 129162 1 
13 3426 1 
13 23974 1 
13 57227 1 
13 137249 1 
13 52923 1 
13 80921 1 
13 32407 1 
13 80628 1 
13 26350 1 
13 114122 1 
13 26864 1 
13 109506 1 
13 108503 1 
13 90227 1 
13 42818 1 
13 122539 1 
14 70335 2 
14 49771 2 
14 122243 1 
14 114689 1 
14 108571 1 
14 122235 1 
14 44596 1 
14 59173 2 
14 16228 2 
14 41536 1 
14 18035 2 
14 94697 1 
14 5872 1 
14 55056 1 
14 9599 1 
14 105745 1 
14 10990 1 
14 69602 1 
14 36781 1 
14 105343 1 
14 125981 1 
14 55733 1 
14 66669 1 
14 56387 1 
14 135519 1 
14 133522 1 
14 40838 1 
14 3199 1 
14 72175 1 
14 42612 1 
14 102666 1 
14 75151 1 
14 109486 1 
14 17751 1 
14 95038 1 
14 3503 1 
14 70826 1 
14 39888 1 
14 22687 1 
14 44799 1 
14 85075 1 
14 64451 1 
14 79854 1 
14 136790 1 
14 118609 1 
14 38288 1 
14 79369 1 
14 92624 1 
14 33940 1 
14 24657 1 
14 5516 1 
14 86171 1 
14 136111 1 
14 100754 1 
14 80180 1 
14 87040 1 
14 41721 1 
14 44766 1 
14 135924 1 
14 131487 1 
14 55292 1 
14 103637 1 
14 52923 1 
14 29788 1 
14 85800 1 
14 50853 1 
14 85495 1 
14 17033 1 
14 64615 1 
14 77968 1 
14 104160 1 
14 14489 1 
14 43452 1 
14 106158 1 
14 76548 1 
15 30127 1 
15 68829 1 
15 81162 3 
15 94618 1 
15 111917 1 
15 75303 19 
15 124448 1 
15 77270 1 
15 101082 1 
15 42287 1 
15 122437 1 
15 23437 1 
15 116991 3 
15 49443 2 
15 71659 1 
15 109010 2 
15 114122 1 
15 41378 2 
15 17596 1 
15 44979 1 
15 48671 1 
15 117428 3 
15 69502 1 
15 96532 1 
15 80393 1 
15 43684 1 
15 51960 1 
15 52595 2 
15 112337 1 
15 78003 1 
15 16195 1 
15 118104 1 
15 67664 1 
15 129725 1 
15 62860 3 
15 21612 2 
15 58835 1 
15 90975 1 
15 33940 2 
15 90077 1 
15 6310 1 
15 40784 1 
15 112492 1 
15 48219 1 
15 27532 3 
15 9889 2 
15 112091 4 
15 42818 1 
15 44134 1 
15 892 1 
15 16610 1 
15 76284 1 
15 40691 1 
15 32057 1 
15 104160 1 
15 89517 1 
15 85974 1 
15 86970 1 
15 37579 1 
15 87506 1 
15 105129 2 
15 107042 1 
15 87447 1 
15 89471 1 
15 100283 1 
15 44248 2 
15 39457 1 
15 86779 2 
15 40174 1 
15 60039 1 
15 67231 1 
15 97248 1 
15 84748 1 
15 35216 1 
15 59173 1 
15 63764 1 
15 71125 1 
15 13336 1 
15 80005 2 
15 32428 1 
15 72178 2 
15 85610 1 
15 51221 1 
15 120317 1 
15 135006 1 
15 40978 1 
15 66445 1 
15 78439 1 
15 114029 1 
15 140187 1 
15 107887 1 
15 60421 1 
15 107003 2 
15 18948 1 
15 64615 1 
15 104656 1 
15 62333 1 
15 96166 1 
15 43889 1 
15 110877 1 
15 25326 2 
15 94697 1 
15 6025 1 
15 30770 1 
15 67687 1 
15 707 1 
15 5153 3 
15 44726 1 
15 97797 1 
15 92134 1 
15 3761 1 
15 106158 1 
15 137839 1 
15 11000 1 
15 76970 1 
15 120270 1 
15 95460 1 
15 101816 1 
15 106231 1 
15 101391 1 
15 93550 2 
15 128497 1 
15 6982 2 
15 98304 2 
15 41814 2 
15 102326 1 
15 45703 1 
15 39292 1 
15 5356 1 
15 56944 1 
15 108874 1 
15 40148 1 
15 8366 1 
15 40838 1 
15 72449 1 
15 46441 1 
15 40697 1 
15 64632 3 
15 93864 1 
15 58658 1 
15 88096 1 
15 26864 1 
15 62537 1 
15 129434 1 
15 113646 1 
15 111328 1 
15 127820 1 
15 59161 1 
15 22918 1 
15 116563 1 
15 91248 2 
15 116051 2 
15 52781 1 
15 56612 1 
15 33677 1 
15 32867 1 
15 56257 1 
15 32008 1 
15 53066 1 
15 83039 1 
15 79778 1 
15 97142 1 
15 128608 1 
15 33097 2 
15 67853 1 
15 5719 1 
15 93315 1 
15 9674 1 
15 12812 4 
15 98961 1 
15 27164 1 
15 107844 1 
15 35470 1 
15 124897 1 
15 43367 1 
15 17429 1 
15 123408 1 
15 39022 1 
15 115581 1 
15 72595 1 
15 124008 1 
15 129983 1 
15 42249 1 
15 45086 1 
15 76856 1 
15 19762 1 
15 50906 1 
15 40631 1 
15 26543 1 
15 48975 1 
15 38259 1 
15 79619 1 
15 59894 1 
15 54564 1 
15 103752 1 
15 98822 1 
15 54295 1 
15 4703 1 
15 107831 1 
15 125205 1 
15 71120 1 
15 30188 1 
15 6276 1 
15 79338 1 
15 22533 1 
15 101375 1 
15 7965 1 
15 111167 1 
15 103722 1 
15 48886 1 
15 16737 1 
15 98275 1 
15 50466 1 
15 126978 1 
15 92125 1 
16 136668 2 
16 115003 2 
16 71130 1 
16 85974 4 
16 36128 1 
16 111821 2 
16 30336 1 
16 7077 2 
16 25623 2 
16 98897 1 
16 55222 1 
16 114310 1 
16 110497 1 
16 42893 3 
16 86822 1 
16 44454 1 
16 39507 1 
16 67664 1 
16 50853 1 
16 69068 2 
16 28404 1 
16 76893 1 
16 50190 1 
16 133619 1 
16 45703 1 
16 703 1 
16 128714 1 
16 132149 1 
16 110846 1 
16 126978 1 
16 18085 1 
16 92637 1 
16 31290 1 
16 63300 1 
16 138011 1 
16 105129 1 
16 101351 1 
16 41762 1 
16 21817 1 
16 36885 1 
16 14979 1 
16 26543 1 
16 124032 1 
16 134953 1 
16 12481 1 
16 88891 1 
16 9070 1 
16 5235 1 
16 98512 1 
17 30135 1 
17 85495 1 
17 32935 2 
17 64343 1 
17 122437 2 
17 64791 1 
17 129404 1 
17 9335 1 
17 84947 1 
17 111821 1 
17 124663 1 
17 78419 1 
17 26864 1 
17 85974 1 
17 41378 1 
17 18308 1 
17 80149 1 
17 76854 1 
17 137368 2 
17 38906 1 
17 137328 1 
17 100063 1 
17 80005 2 
17 3199 1 
17 117827 1 
17 115581 1 
17 99570 1 
17 83698 1 
17 93550 1 
17 90062 1 
17 109283 1 
17 38747 1 
17 47114 1 
17 51330 1 
17 5831 1 
17 31601 1 
17 90893 1 
17 16467 1 
17 43562 1 
17 4707 1 
17 51109 1 
17 101716 1 
17 45360 1 
17 98005 1 
17 77270 2 
17 104160 1 
17 57920 1 
17 87990 1 
17 78512 1 
17 29604 1 
17 39632 1 
17 28876 1 
17 102932 1 
17 59860 1 
17 6109 1 
17 15690 1 
17 78870 1 
17 84894 1 
17 27859 1 
17 83496 1 
17 70392 1 
17 44766 1 
17 106231 1 
17 112470 1 
17 93615 1 
17 127731 1 
17 138716 1 
17 71030 1 
17 47647 1 
17 48634 1 
17 89461 1 
17 126132 1 
17 7278 1 
17 120306 1 
17 84312 1 
17 29427 1 
17 92125 1 
17 25037 1 
17 128241 1 
17 137860 1 
18 42975 1 
18 103916 1 
18 51572 2 
18 34627 1 
18 16930 1 
18 52504 1 
18 18199 1 
18 89075 1 
18 31782 1 
18 125914 1 
18 19085 1 
18 34106 1 
18 128208 1 
18 28495 1 
18 103760 1 
18 27408 1 
18 64615 1 
18 41378 2 
18 104115 1 
18 37606 1 
18 65312 1 
18 43059 1 
18 128519 2 
18 4707 1 
18 9619 1 
18 137467 1 
18 5511 1 
18 36458 1 
18 54265 1 
18 34092 1 
18 107986 2 
18 35074 1 
18 25793 1 
18 139107 1 
18 66445 1 
18 93023 1 
18 59975 1 
18 50530 1 
18 76826 1 
18 126480 1 
18 9889 1 
18 129736 1 
18 55567 1 
18 70066 1 
18 49565 1 
18 29077 1 
18 107591 1 
18 117683 1 
18 25984 1 
18 72963 1 
18 134737 1 
18 18853 1 
18 105757 1 
19 134953 1 
19 66860 1 
19 118972 1 
19 89517 1 
19 99570 2 
19 58780 1 
19 14181 1 
19 5719 1 
19 72080 1 
19 858 1 
19 90771 1 
19 5773 1 
19 70798 2 
19 17465 1 
19 40235 1 
19 122539 1 
19 1683 1 
19 135911 1 
19 130308 1 
19 7440 1 
19 22231 1 
19 128137 1 
19 71606 1 
19 85259 2 
19 70434 1 
19 112492 1 
19 77993 2 
19 81238 1 
19 69068 1 
19 72595 1 
19 126066 1 
19 7867 1 
19 6025 2 
19 13232 1 
19 70667 1 
19 96345 1 
19 113099 1 
19 6613 1 
19 98304 1 
19 3199 1 
19 48948 1 
19 94741 1 
19 48908 1 
19 122506 1 
19 7753 1 
19 25638 1 
19 81426 1 
19 138638 1 
19 19535 1 
19 85322 1 
19 33940 1 
19 136425 1 
19 114313 1 
19 111548 1 
19 29755 1 
19 51330 1 
19 36020 1 
19 26864 1 
19 124527 1 
19 53291 1 
19 85974 2 
19 87198 1 
19 22918 1 
19 76878 1 
19 8763 1 
19 107887 2 
19 21569 1 
19 124663 1 
19 88554 1 
19 80005 1 
19 114079 1 
19 87003 1 
19 45705 1 
19 64615 1 
19 95626 1 
20 7388 1 
20 131189 2 
20 82186 1 
20 67059 1 
20 41958 1 
20 43889 3 
20 50782 1 
20 136902 1 
20 55222 1 
20 18948 1 
20 38306 1 
20 12481 1 
20 93550 1 
20 129740 1 
20 115789 1 
20 46847 1 
20 82182 1 
20 97145 1 
20 100371 1 
20 70705 1 
20 65035 2 
20 41508 1 
20 112137 1 
20 82663 1 
20 45618 1 
20 48219 1 
20 77993 1 
20 91366 1 
20 63199 1 
20 21229 1 
20 35124 1 
20 136430 1 
20 119255 1 
20 6613 1 
20 101716 1 
20 103637 1 
20 66445 1 
20 71130 1 
20 111821 1 
20 69068 1 
20 106669 1 
20 13336 2 
20 18308 1 
20 98304 1 
20 36128 1 
20 111176 2 
20 109010 1 
20 122557 1 
20 45613 1 
20 116325 1 
20 64615 1 
20 104160 1 
20 118990 1 
20 59173 1 
20 79369 1 
20 125335 1 
20 105665 1 
20 93897 1 
20 108585 1 
20 80295 1 
20 59132 1 
20 62018 1 
20 42818 1 
20 51960 1 
20 42209 1 
20 92125 1 
20 98212 1 
20 85974 1 
20 63521 1 
21 109010 1 
21 23860 1 
21 135258 1 
21 67664 1 
21 105129 1 
21 47430 1 
21 71429 1 
21 101058 1 
21 48175 1 
21 127929 2 
21 49866 2 
21 90447 1 
21 86177 1 
21 94697 1 
21 108606 1 
21 121826 1 
21 126132 1 
21 69938 1 
21 64909 2 
21 94600 1 
21 58593 1 
21 103276 1 
21 98405 1 
21 13266 1 
21 127791 1 
21 100371 1 
21 108575 1 
21 124656 1 
21 93778 1 
21 45618 1 
21 49084 1 
21 129945 1 
21 124637 1 
21 80362 1 
21 59173 1 
21 109496 1 
21 108121 1 
21 39457 2 
21 118844 1 
21 128732 1 
21 104656 1 
21 103496 1 
21 6025 1 
21 26048 1 
21 43889 1 
21 46572 1 
21 61934 1 
21 23144 1 
21 139378 1 
21 132306 2 
21 51246 2 
21 127735 1 
21 18308 1 
21 10056 1 
21 131976 1 
21 11975 1 
21 36726 1 
21 49847 1 
21 90724 1 
21 104160 1 
22 12812 8 
22 71224 1 
22 64909 1 
22 105129 2 
22 30941 1 
22 102711 1 
22 59203 1 
22 107373 1 
22 89307 1 
22 17778 2 
22 76939 3 
22 130787 1 
22 101111 2 
22 79926 2 
22 120944 1 
22 86226 1 
22 121826 1 
22 9070 1 
22 102206 1 
22 86779 1 
22 100371 2 
22 87914 1 
22 68865 1 
22 34882 1 
22 40449 1 
22 34659 1 
22 121374 1 
22 8538 1 
22 114122 1 
22 29604 1 
22 136668 2 
22 18308 4 
22 19147 1 
22 21226 1 
22 26695 1 
22 18270 1 
22 140091 1 
22 76878 1 
22 56199 1 
22 98212 1 
22 115789 2 
22 111375 4 
22 82080 1 
22 102546 1 
22 51513 1 
22 69068 1 
22 125205 1 
22 95453 1 
22 132403 1 
22 53185 2 
22 109257 1 
22 74999 1 
22 45549 1 
22 19624 1 
22 5516 2 
22 858 2 
22 91504 1 
22 52185 1 
22 121751 1 
22 119195 2 
22 727 2 
22 47114 1 
22 17411 1 
22 28011 1 
22 130571 1 
22 45886 1 
22 87902 1 
22 30242 1 
22 139378 1 
22 96532 1 
22 28765 1 
22 53786 1 
22 52781 1 
22 3775 2 
22 80005 3 
22 43889 2 
22 29922 1 
22 52782 1 
22 123803 1 
22 59883 1 
22 138616 1 
22 6025 5 
22 139922 1 
22 5801 1 
22 83477 1 
22 7964 1 
22 36020 1 
22 105761 1 
22 18401 1 
22 55926 1 
22 116541 1 
22 27083 1 
22 35629 1 
22 69426 1 
22 25610 1 
22 92452 1 
22 45613 1 
22 3059 1 
22 94620 1 
22 32259 1 
22 49847 1 
22 62563 1 
22 104211 1 
22 136425 1 
22 64632 1 
22 36781 1 
22 66884 1 
22 62333 1 
22 105371 1 
22 51109 1 
22 5945 1 
22 67767 1 
22 104160 1 
22 106758 1 
22 42448 1 
22 14966 1 
22 87003 1 
22 53659 1 
22 47548 1 
22 103276 1 
22 129452 1 
22 43428 1 
22 116325 1 
22 19007 1 
22 117007 1 
22 109370 1 
22 9413 1 
22 40860 1 
22 13638 1 
22 111020 1 
22 43133 1 
22 67664 1 
22 96775 1 
22 103159 1 
22 136244 1 
22 110332 1 
22 29756 1 
22 39945 1 
22 52524 1 
22 126683 1 
22 51246 1 
22 21220 1 
22 133966 1 
22 138766 1 
22 21229 1 
22 133522 1 
22 35470 1 
22 70826 1 
22 62869 1 
22 83755 1 
22 25326 1 
22 113760 1 
22 74917 1 
22 127735 1 
22 79382 1 
22 130508 1 
22 44444 1 
22 132854 1 
22 118346 1 
22 24876 1 
22 92161 1 
22 114663 1 
23 41119 1 
23 25998 1 
23 29755 1 
23 93222 1 
23 111392 1 
23 32008 1 
23 44979 1 
23 48671 1 
23 64615 6 
23 70798 1 
23 79602 1 
23 97766 1 
23 47894 3 
23 83718 1 
23 47472 1 
23 16737 1 
23 111020 1 
23 45613 1 
23 90227 1 
23 85495 4 
23 85800 3 
23 32935 3 
23 50853 3 
23 132403 2 
23 96680 1 
23 25326 1 
23 136670 1 
23 14170 1 
23 104656 1 
23 111911 1 
23 50974 1 
23 41762 2 
23 16467 1 
23 134753 1 
23 66689 1 
23 85974 1 
23 123803 1 
23 5153 1 
23 59836 1 
23 25638 1 
23 104160 2 
23 111821 1 
23 134947 1 
23 13563 1 
23 38761 1 
23 130308 1 
23 45705 1 
23 76893 1 
23 17918 1 
23 101375 1 
23 43133 1 
23 4620 1 
23 139263 1 
23 81463 1 
23 19535 3 
23 76878 1 
23 23437 1 
23 88687 1 
23 125902 1 
23 45618 1 
23 85322 1 
23 133360 1 
23 126132 1 
23 57919 1 
23 70826 1 
23 78771 1 
23 122301 1 
23 14757 1 
23 12852 1 
23 50727 1 
23 135006 1 
23 6737 1 
23 6025 1 
23 112921 1 
23 94469 2 
23 81122 2 
23 22059 1 
23 118104 1 
23 37027 1 
23 25809 1 
23 89015 1 
23 33191 1 
23 134308 1 
23 124663 1 
23 56612 1 
23 18308 1 
23 10056 1 
23 69068 1 
23 92637 1 
23 82129 1 
23 71130 1 
23 135258 1 
23 74917 1 
23 93032 1 
23 30117 1 
23 81162 1 
23 858 1 
24 41119 2 
24 108121 1 
24 12481 3 
24 93980 1 
24 98512 1 
24 93900 1 
24 113034 1 
24 6613 3 
24 117004 1 
24 86779 1 
24 83753 1 
24 13622 1 
24 133360 1 
24 35216 1 
24 130819 1 
24 30242 1 
24 19824 1 
24 116241 1 
24 34968 1 
24 132189 1 
24 94054 1 
24 788 1 
24 58625 1 
24 10216 1 
24 111821 1 
24 36275 1 
24 35764 1 
24 120270 1 
24 88702 1 
24 113182 1 
24 103722 1 
24 103752 1 
24 69068 1 
24 67664 1 
24 124817 1 
24 74999 1 
24 93299 1 
24 127731 1 
24 110395 1 
24 63764 1 
24 91782 1 
24 64615 1 
24 73062 1 
24 99783 1 
24 105129 1 
24 4703 1 
24 2875 1 
24 100330 2 
24 78863 1 
24 83039 1 
24 55778 1 
24 65723 1 
24 45027 1 
24 103276 1 
24 62338 1 
24 106754 1 
24 110332 1 
24 35976 1 
24 7440 1 
24 109384 1 
24 48927 1 
24 64671 1 
24 29533 1 
24 69142 1 
24 3420 1 
25 135006 1 
25 64615 1 
25 85495 1 
25 73962 1 
25 93615 1 
25 32935 1 
25 105129 1 
25 42832 1 
25 76878 2 
25 97270 1 
25 43124 1 
25 18308 1 
25 117428 1 
25 107440 1 
25 54423 1 
25 114310 1 
25 93299 1 
25 101083 1 
25 130308 1 
25 88687 1 
25 64632 1 
25 50469 1 
25 73620 1 
25 19018 1 
25 52782 1 
25 137839 1 
25 62537 1 
25 91613 1 
25 132309 1 
25 91024 1 
25 47647 1 
25 5655 1 
25 21229 2 
25 62435 1 
25 94697 1 
25 63596 1 
25 117827 1 
25 81162 1 
25 81246 1 
25 55863 1 
25 33940 1 
25 129533 1 
25 50853 1 
25 119892 1 
25 77270 1 
25 7278 1 
25 24857 1 
25 42612 1 
25 15742 1 
25 82418 1 
25 131566 1 
25 17429 1 
25 80148 1 
25 79778 1 
25 104160 1 
25 105665 1 
25 118868 1 
25 93550 1 
25 89461 1 
25 37036 1 
25 39601 1 
26 89517 2 
26 105129 1 
26 48671 1 
26 49847 1 
26 3775 1 
26 40044 1 
26 80117 1 
26 17621 1 
26 95643 2 
26 92083 1 
26 76548 1 
26 85974 1 
26 32649 1 
26 131966 2 
26 3135 2 
26 78465 2 
26 136670 1 
26 41762 1 
26 32935 1 
26 64615 1 
26 96532 1 
26 122437 3 
26 26797 1 
26 104061 1 
26 113039 1 
26 128072 1 
26 87398 1 
26 71804 1 
26 98035 1 
26 62714 1 
26 77993 1 
26 119543 1 
26 1625 2 
26 110044 1 
26 66900 1 
26 26107 1 
26 30242 1 
26 25638 1 
26 54075 1 
26 21124 1 
26 55613 1 
26 86086 1 
26 23974 1 
26 125205 1 
26 115263 1 
26 9405 1 
26 136975 1 
26 128164 1 
26 138984 1 
26 102243 1 
26 132189 1 
26 16467 1 
26 126480 1 
26 109506 1 
26 811 1 
26 3199 1 
26 52782 1 
26 19535 2 
26 76255 1 
26 124059 1 
26 94411 1 
26 6025 1 
26 17464 1 
26 111383 1 
26 59161 1 
26 51330 1 
26 104269 1 
26 95038 1 
26 125993 1 
26 21229 1 
26 62435 1 
26 115581 1 
26 93550 1 
26 118972 1 
26 46536 1 
26 25809 1 
26 90062 1 
27 37117 1 
27 107459 1 
27 102140 1 
27 63659 1 
27 26958 1 
27 134437 1 
27 133329 1 
27 87387 1 
27 76952 1 
27 35976 1 
27 85771 1 
27 61542 1 
27 12275 1 
27 62384 1 
27 58276 1 
27 12481 1 
27 73565 1 
27 35216 1 
27 97039 1 
27 85338 1 
27 114774 1 
27 11044 1 
27 65214 1 
27 137368 1 
27 26210 1 
27 25011 1 
27 125686 1 
27 53077 1 
27 90182 1 
27 110056 1 
27 122506 1 
27 119483 1 
27 51247 1 
27 57247 1 
27 51328 1 
27 5516 1 
27 36783 1 
27 23594 1 
27 103820 1 
27 25638 1 
27 119195 1 
27 4620 1 
27 77614 1 
27 16613 1 
27 80005 1 
27 61680 1 
27 124364 1 
27 5283 1 
27 27283 1 
27 62464 1 
27 82807 1 
27 98212 1 
27 108438 1 
27 66267 1 
27 30864 1 
27 33556 1 
27 41762 1 
27 9338 1 
27 124624 1 
27 44066 1 
27 69106 1 
27 12812 1 
28 6613 3 
28 65002 1 
28 106231 1 
28 137675 1 
28 9930 1 
28 65449 3 
28 42918 2 
28 138496 1 
28 95562 2 
28 51836 1 
28 40148 1 
28 104656 1 
28 111681 2 
28 33677 1 
28 35270 3 
28 60155 1 
28 24339 1 
28 43682 1 
28 107548 1 
28 98212 1 
28 84246 1 
28 81162 1 
28 119892 1 
28 44766 1 
28 14602 1 
28 85894 2 
28 70826 2 
28 25011 2 
28 113183 1 
28 81947 1 
28 10972 1 
28 103907 1 
28 69506 1 
28 48671 1 
28 103118 1 
28 76878 1 
28 111375 1 
28 21569 1 
28 6982 1 
28 64632 1 
28 43428 1 
28 93778 2 
28 38747 1 
28 59860 1 
28 114333 1 
28 68270 2 
28 39164 1 
28 109506 1 
28 66445 2 
28 132509 1 
28 71130 1 
28 14757 1 
28 100371 2 
28 4703 1 
28 64615 1 
28 16727 1 
28 3775 1 
28 85800 1 
28 50853 1 
28 24905 1 
28 84133 1 
28 45216 1 
28 73505 1 
28 136831 2 
28 83039 1 
28 59334 1 
28 124897 1 
28 43889 1 
28 21124 1 
28 70786 1 
28 111857 1 
28 70321 1 
29 48961 1 
29 6025 3 
29 138186 1 
29 105129 3 
29 55222 2 
29 19704 1 
29 27164 1 
29 85257 1 
29 892 1 
29 64615 3 
29 51815 1 
29 128450 1 
29 48523 1 
29 9251 1 
29 81310 1 
29 66445 1 
29 40497 1 
29 26742 1 
29 85974 2 
29 56612 1 
29 64791 1 
29 111821 1 
29 74868 1 
29 6613 1 
29 76478 1 
29 114637 1 
29 71898 1 
29 49939 1 
29 112069 1 
29 54075 1 
29 136668 1 
29 118990 1 
29 13336 1 
29 7867 1 
29 132403 1 
29 788 1 
29 63784 1 
29 25037 1 
29 17272 1 
29 117428 2 
29 46572 1 
29 80005 1 
29 42287 1 
29 12144 1 
29 43889 1 
29 52781 1 
29 114079 1 
30 29755 1 
30 24678 2 
30 111889 2 
30 59942 2 
30 115261 1 
30 42071 1 
30 84145 1 
30 102468 1 
30 77968 1 
30 80790 1 
30 104037 1 
30 105111 1 
30 59173 1 
30 13336 1 
30 6025 1 
30 32057 1 
30 18308 1 
30 85974 1 
30 21124 2 
30 66860 1 
30 3018 1 
30 113308 1 
30 25638 2 
30 137045 1 
30 93315 1 
30 121624 1 
30 129434 3 
30 5153 1 
30 93778 2 
30 85771 1 
30 87847 1 
30 11373 1 
30 96680 1 
30 43889 1 
30 11000 1 
30 19535 2 
30 68270 1 
30 117788 1 
30 40497 1 
30 98212 1 
30 119892 1 
30 122598 1 
30 32428 2 
30 44766 1 
30 96532 1 
30 70786 1 
30 69116 1 
30 14272 1 
30 19018 1 
30 117036 1 
30 97270 2 
30 14381 1 
30 53283 1 
30 44024 1 
30 111821 1 
30 129404 1 
30 104160 1 
30 100817 1 
30 93299 1 
30 30773 1 
30 126132 1 
30 53840 1 
30 122539 1 
30 16798 1 
30 44331 1 
30 122695 1 
30 114310 1 
30 88096 1 
30 49233 1 
30 54075 1 
30 108643 1 
30 7388 1 
30 42695 1 
30 81463 1 
30 64615 2 
30 135853 1 
30 46077 1 
30 80005 2 
30 32840 1 
30 21229 2 
30 116692 1 
30 66398 1 
30 55292 2 
30 30907 1 
30 126480 1 
30 72625 1 
30 127735 2 
30 103722 3 
30 61330 1 
30 137190 1 
30 100793 1 
30 133261 1 
30 74868 1 
30 113099 1 
30 128429 1 
30 6613 1 
30 79369 1 
30 132987 1 
30 111686 1 
30 104656 1 
30 32573 1 
30 51470 1 
30 126498 1 
30 125335 1 
30 117428 1 
30 76621 1 
30 114079 1 
30 32935 1 
30 83658 1 
30 81164 1 
30 80148 1 
31 46247 1 
31 89267 1 
31 85457 1 
31 102450 2 
31 105831 3 
31 49443 1 
31 127735 2 
31 79338 1 
31 9749 1 
31 99876 1 
31 106683 1 
31 5153 1 
31 69068 1 
31 97241 1 
31 27158 1 
31 89461 1 
31 98212 1 
31 110438 1 
31 52782 1 
31 128137 1 
31 36092 1 
31 63784 1 
31 38060 1 
31 81310 1 
32 115898 3 
32 90858 4 
32 107558 1 
32 70395 1 
32 57925 1 
32 138450 1 
32 131085 1 
32 89216 1 
32 107838 2 
32 70663 1 
32 102615 1 
32 10972 1 
32 5764 1 
32 72350 1 
32 49939 1 
32 26543 1 
32 115631 1 
32 112783 1 
32 26864 1 
32 9749 1 
32 64671 1 
32 63297 1 
32 56122 1 
32 53225 1 
32 127820 1 
32 58616 1 
32 95238 1 
32 45613 1 
32 45170 1 
32 56612 1 
32 128429 1 
32 89471 1 
32 66765 2 
32 23974 1 
32 80577 1 
32 102203 1 
32 101111 1 
32 64475 1 
32 101934 1 
32 89149 1 
32 79119 1 
32 101030 2 
32 57152 1 
32 127387 2 
32 24339 2 
32 52514 1 
32 74596 1 
32 8721 1 
32 66398 1 
32 43133 1 
32 105665 1 
32 86778 1 
32 137737 1 
32 126891 1 
32 28624 1 
32 37323 1 
32 83632 1 
32 87757 1 
32 101458 1 
33 64909 1 
33 4637 1 
33 105896 1 
33 98304 2 
33 12491 1 
33 12287 1 
33 26306 2 
33 31890 2 
33 67664 1 
33 13638 1 
33 13740 1 
33 121964 1 
33 88409 1 
33 50190 1 
33 39457 1 
33 125254 1 
33 117428 1 
33 52781 1 
33 109561 1 
33 126480 1 
33 51470 2 
33 24905 1 
33 82663 1 
33 59132 1 
33 30624 1 
33 104020 1 
33 25819 1 
33 5516 1 
33 113816 1 
33 94054 1 
33 31385 1 
33 89517 1 
33 31011 1 
33 63199 1 
33 72887 1 
33 53537 1 
33 43984 1 
33 13336 1 
33 82909 1 
33 104160 1 
33 49414 1 
33 81863 1 
33 69068 1 
33 134947 1 
33 89149 1 
33 95038 1 
33 17920 1 
33 102516 1 
33 54997 1 
33 129265 1 
33 131566 1 
33 49829 1 
33 92814 1 
33 100013 1 
33 91020 1 
33 82185 1 
33 47740 1 
33 10131 1 
33 25890 1 
33 61866 1 
33 20928 1 
33 83862 1 
33 75574 1 
33 106683 1 
33 37623 1 
33 22095 1 
33 30336 1 
33 115581 1 
33 109010 1 
33 109176 1 
33 69858 1 
33 46468 1 
33 124802 1 
33 91248 2 
33 16067 1 
33 130420 1 
33 44766 1 
33 40497 1 
33 81197 1 
33 117827 1 
33 89751 1 
33 140191 1 
34 102711 1 
34 26210 1 
34 120270 1 
34 64909 1 
34 3199 1 
34 135853 2 
34 135339 1 
34 67664 2 
34 11373 1 
34 99455 1 
34 57019 1 
34 57638 1 
34 88409 1 
34 126560 1 
34 110395 1 
34 76856 1 
34 103637 2 
34 11186 1 
34 105613 1 
34 86521 1 
34 4187 1 
34 115789 1 
34 92125 1 
34 137562 1 
34 98035 1 
34 62869 1 
34 116120 1 
34 104160 1 
34 111821 1 
34 93299 1 
34 86050 1 
34 34830 1 
34 114310 1 
34 64615 1 
34 140172 1 
34 94697 1 
34 5631 1 
34 62435 1 
34 94695 1 
34 124377 1 
34 18308 1 
34 139263 1 
34 33940 1 
34 55973 1 
34 52923 1 
34 19535 1 
34 93550 1 
35 70826 2 
35 25011 1 
35 48671 1 
35 84242 2 
35 64615 1 
35 69432 1 
35 121374 1 
35 86804 1 
35 113783 1 
35 2870 1 
35 41930 1 
35 11188 1 
35 96233 1 
35 99630 1 
35 126480 1 
35 65889 1 
35 83812 1 
35 59543 1 
35 67720 1 
35 126027 1 
35 80295 1 
35 101391 2 
35 116559 1 
35 135550 1 
35 25638 2 
35 22918 1 
35 92814 1 
35 67664 1 
35 50853 1 
35 115789 1 
35 2920 1 
35 81162 1 
35 43680 1 
35 110765 1 
35 93236 1 
35 45656 1 
35 102516 1 
35 70798 1 
35 109288 1 
35 126978 1 
35 17595 1 
35 79503 1 
35 52781 1 
35 109010 1 
35 45678 1 
35 103501 1 
35 46936 1 
35 109841 1 
35 85974 1 
35 49332 1 
35 18308 1 
35 99401 1 
35 117346 1 
35 21229 1 
35 66860 1 
35 89824 1 
35 80005 1 
35 16467 1 
35 55612 1 
36 89517 1 
36 67664 3 
36 106268 1 
36 14569 2 
36 5368 4 
36 117757 1 
36 100817 3 
36 136668 1 
36 69068 3 
36 892 2 
36 64615 3 
36 129533 1 
36 9276 1 
36 129734 1 
36 11124 1 
36 96906 11 
36 62502 1 
36 22893 1 
36 115959 3 
36 72595 1 
36 64714 1 
36 16737 2 
36 71678 1 
36 54075 1 
36 100263 1 
36 21124 1 
36 114310 2 
36 2101 1 
36 47472 2 
36 136886 1 
36 72625 2 
36 64632 5 
36 44567 1 
36 12038 1 
36 70798 2 
36 35558 1 
36 32407 1 
36 753 1 
36 6025 3 
36 14427 1 
36 35093 1 
36 38440 1 
36 127862 2 
36 52704 1 
36 91767 1 
36 107803 1 
36 12481 1 
36 93550 1 
36 45656 1 
36 83102 1 
36 125576 1 
36 98961 1 
36 55973 2 
36 29604 3 
36 4707 1 
36 83234 2 
36 109257 1 
36 59883 1 
36 106040 1 
36 113105 1 
36 108442 3 
36 41762 1 
36 121964 1 
36 2523 1 
36 17305 1 
36 119892 1 
36 77589 1 
36 105748 1 
36 62384 2 
36 43141 2 
36 134079 1 
36 97766 1 
36 17429 1 
36 89409 1 
36 134975 1 
36 110455 1 
36 125686 1 
36 114122 2 
36 26758 1 
36 76255 3 
36 1097 4 
36 90460 1 
36 48165 1 
36 105343 1 
36 59839 1 
36 61751 1 
36 85549 1 
36 119661 1 
36 55222 3 
36 2411 1 
36 30661 1 
36 36375 1 
36 10990 1 
36 104160 1 
36 42061 1 
36 111821 2 
36 41119 1 
36 5945 1 
36 118253 1 
36 126132 1 
36 132057 1 
36 8383 1 
36 22201 1 
36 16798 2 
36 112137 2 
36 84936 1 
36 16235 1 
36 107998 3 
36 108992 1 
36 51330 2 
36 119195 1 
36 49552 2 
36 109010 2 
36 71130 1 
36 30336 3 
36 74830 1 
36 125976 1 
36 42327 1 
36 93778 1 
36 35037 1 
36 105844 1 
36 32486 1 
36 3183 1 
36 64791 1 
36 82418 1 
36 124448 1 
36 113528 1 
36 8067 1 
36 26067 1 
36 137368 1 
36 86177 1 
36 9462 2 
36 48811 1 
36 114350 1 
36 102354 1 
36 140172 1 
36 72626 1 
36 90284 1 
36 31974 1 
36 34830 1 
36 22231 1 
36 18035 1 
36 2540 1 
36 76856 1 
36 87003 1 
36 85079 1 
36 101375 1 
36 5644 1 
36 68270 1 
36 96569 2 
36 5719 1 
36 121738 1 
36 122235 1 
36 130354 3 
36 95901 1 
36 94836 1 
36 52922 1 
36 39164 1 
36 116394 1 
36 52781 1 
36 120116 2 
36 86420 2 
36 130191 1 
36 137675 1 
36 95908 1 
36 105441 1 
36 77283 1 
36 48961 2 
36 51397 2 
36 10463 1 
36 51586 1 
36 38665 1 
36 80664 1 
36 3018 2 
36 112069 2 
36 92405 1 
36 133522 1 
36 32428 2 
36 8472 1 
36 126773 1 
36 16137 2 
36 37039 1 
36 49371 1 
36 93158 1 
36 4026 1 
36 100013 1 
36 89824 1 
36 22918 1 
36 110653 1 
36 34180 1 
36 33940 1 
36 87705 1 
36 40838 1 
36 94556 1 
36 36959 1 
36 9346 1 
36 111548 1 
36 86804 1 
36 121751 1 
36 138011 1 
36 6613 1 
36 103113 1 
36 31284 1 
36 111913 1 
36 6238 1 
36 102546 1 
36 23974 1 
36 104118 1 
36 64343 1 
36 104020 1 
36 106754 1 
36 69138 1 
36 122437 1 
36 99801 1 
36 15196 1 
36 89407 1 
36 25326 1 
36 69683 1 
36 43984 1 
36 105129 1 
36 107440 1 
36 76110 1 
36 8381 1 
36 104656 1 
36 129434 1 
36 117428 1 
36 74868 1 
36 90223 1 
36 85974 1 
36 105665 2 
36 86302 1 
36 80295 1 
36 43889 1 
36 118904 1 
36 14602 1 
36 99455 1 
36 26864 1 
36 132998 1 
36 34852 1 
36 137269 1 
36 129971 1 
36 97088 1 
36 107390 1 
36 26317 1 
36 137666 1 
36 65404 1 
36 4480 1 
36 108472 1 
36 126978 1 
36 54424 1 
37 67664 1 
37 109010 1 
37 72625 1 
37 6524 2 
37 51438 1 
37 48807 1 
37 4707 1 
37 122852 1 
37 105129 1 
37 70464 1 
37 122437 1 
37 64615 1 
37 7753 1 
37 47548 2 
37 91540 1 
37 46757 1 
37 52923 1 
37 15742 1 
38 3063 1 
38 56608 1 
38 132000 1 
38 66860 1 
38 122539 1 
38 18430 1 
38 126706 1 
38 131360 1 
38 117245 1 
38 45549 1 
38 8472 1 
38 33889 1 
38 126132 1 
38 104372 1 
38 28015 1 
38 73424 1 
38 59428 2 
38 59860 1 
38 27258 1 
38 93946 1 
38 11786 1 
38 134241 1 
38 32412 2 
38 106266 2 
38 59599 1 
38 12521 1 
38 123516 1 
38 117611 1 
38 135471 1 
38 97420 1 
38 51397 1 
38 40526 1 
38 96219 1 
38 3500 1 
38 63444 1 
38 68397 1 
38 101375 1 
38 64632 1 
38 71586 1 
38 13616 2 
38 130787 1 
38 93222 1 
38 13712 1 
38 72332 1 
38 43680 1 
38 74917 2 
38 96680 1 
38 72967 1 
38 126978 1 
38 72604 1 
38 1596 1 
38 94337 1 
38 104160 2 
38 132080 1 
38 77270 1 
38 109506 1 
38 22628 1 
38 110395 1 
38 51640 1 
38 119613 1 
38 122306 1 
38 70826 1 
38 93963 1 
38 120922 1 
38 18053 1 
38 97692 1 
38 114310 1 
38 109496 1 
38 107556 1 
38 571 1 
38 118323 1 
38 59334 1 
38 19928 1 
38 30472 1 
38 127731 1 
38 101591 1 
38 124768 1 
38 85974 1 
38 97240 1 
38 49552 1 
38 5655 1 
38 138186 1 
38 80005 1 
38 86281 1 
38 40217 1 
38 29367 1 
38 37974 2 
38 56627 4 
38 5511 1 
38 102764 1 
38 8164 1 
38 57049 1 
38 39791 1 
38 46936 1 
38 57030 1 
38 30489 1 
38 138716 1 
38 76462 1 
38 47829 1 
38 125627 2 
38 126480 3 
38 20148 1 
38 87757 1 
38 32999 1 
38 32 1 
38 53599 2 
38 128837 1 
38 36836 1 
38 110749 1 
38 27581 1 
38 71421 2 
38 14944 1 
38 41378 1 
38 78669 1 
38 118452 1 
38 15780 1 
38 37461 1 
38 98365 1 
38 22996 1 
38 64986 1 
38 119427 1 
38 108081 1 
39 57152 1 
39 127809 1 
39 32935 1 
39 892 1 
39 64615 1 
39 101058 2 
39 73947 1 
39 73041 1 
39 126132 1 
39 77283 1 
39 136275 1 
39 91642 1 
39 69068 2 
39 96426 1 
39 102629 1 
39 121831 1 
39 103722 1 
39 119849 1 
39 33657 1 
39 101320 1 
39 119025 1 
39 3159 1 
39 7259 1 
39 132509 2 
39 111586 1 
39 110044 1 
39 66565 1 
39 124413 1 
39 107213 1 
39 21541 1 
39 54500 1 
39 114310 2 
39 64671 3 
39 2118 1 
39 84817 1 
39 125330 1 
39 4707 2 
39 138058 1 
39 110395 1 
39 12127 1 
39 130308 1 
39 108121 1 
39 19247 1 
39 51848 1 
39 82539 1 
39 11867 1 
39 135853 1 
39 78684 1 
39 121009 1 
39 105236 1 
39 56612 1 
39 52835 1 
39 37744 1 
39 136886 1 
39 80320 1 
39 95643 2 
39 12401 1 
39 49552 2 
39 104253 1 
39 103276 1 
39 5516 1 
39 22339 1 
39 136123 1 
39 42893 1 
39 25037 1 
39 107085 1 
39 12599 2 
39 69809 1 
39 66700 1 
39 46040 1 
39 115471 1 
39 30127 1 
39 103855 1 
39 7487 1 
39 76255 1 
39 57966 1 
39 72924 1 
39 21151 1 
39 98212 1 
39 70321 1 
39 137011 1 
39 71103 1 
39 104160 1 
39 50978 2 
39 85974 1 
39 47647 1 
39 136670 1 
39 66407 1 
39 54717 1 
39 101879 1 
39 102516 1 
39 63297 1 
39 95446 1 
39 64216 1 
39 90610 1 
39 120270 1 
39 103552 1 
39 82182 1 
39 18651 1 
39 66282 1 
39 127094 1 
39 54657 1 
39 38635 1 
39 109852 1 
39 98393 1 
39 90062 1 
39 122406 1 
39 136790 1 
39 99568 1 
39 123172 1 
39 58494 1 
39 133391 1 
39 128519 1 
39 78771 1 
40 37869 1 
40 70798 1 
40 129971 1 
40 27258 1 
40 62333 1 
40 26427 1 
40 20126 1 
40 50978 2 
40 111118 1 
40 64791 1 
40 76864 1 
40 128961 1 
40 104115 1 
40 132080 1 
40 5945 2 
40 60 2 
40 117178 1 
40 38938 1 
40 63831 1 
40 22680 1 
40 6025 2 
40 133522 1 
40 65396 1 
40 9316 2 
40 90457 1 
40 92083 1 
40 37409 1 
40 117834 1 
40 44596 2 
40 66900 1 
40 77993 1 
40 92125 1 
40 27096 1 
40 5412 1 
40 99568 1 
40 59173 1 
40 128400 1 
40 77270 1 
40 126959 1 
40 52781 1 
40 34114 1 
40 51836 1 
40 5773 1 
40 84133 1 
40 153 1 
40 98676 1 
40 127992 1 
40 132309 1 
40 97039 1 
40 44240 1 
40 100817 1 
40 64615 1 
40 109010 2 
40 86177 2 
40 42267 1 
40 79338 1 
40 140172 1 
40 135258 1 
40 126978 1 
40 106418 1 
40 124527 1 
40 93778 1 
40 140191 1 
40 125205 1 
40 30142 1 
40 63659 1 
40 115003 1 
40 85800 1 
40 98304 1 
40 82418 1 
40 98212 1 
40 58780 1 
40 131966 1 
40 68012 1 
40 42612 1 
40 9251 1 
41 89824 2 
41 8383 1 
41 9134 1 
41 124448 1 
41 124052 1 
41 25326 1 
41 61374 2 
41 83361 7 
41 61672 1 
41 53840 1 
41 137558 4 
41 129533 1 
41 6656 1 
41 94600 1 
41 63784 1 
41 33940 1 
41 5907 1 
41 5513 1 
41 100750 2 
41 132189 2 
41 108506 2 
41 72175 3 
41 69721 2 
41 119592 1 
41 79188 1 
41 15589 1 
41 79675 1 
41 93222 3 
41 44979 2 
41 104256 4 
41 129255 2 
41 9987 1 
41 72372 4 
41 116394 1 
41 21219 2 
41 64632 2 
41 66058 2 
41 78419 2 
41 109548 2 
41 121964 1 
41 42622 1 
41 11044 2 
41 25011 1 
41 22918 2 
41 42818 1 
41 98081 1 
41 12812 1 
41 133851 1 
41 70935 2 
41 100793 2 
41 92664 1 
41 79187 1 
41 62018 1 
41 37990 1 
41 127563 1 
41 88687 1 
41 59935 1 
41 118990 6 
41 72447 1 
41 48277 1 
41 107670 1 
41 101375 1 
41 51376 2 
41 123127 1 
41 100740 1 
41 108438 1 
41 126480 1 
41 56612 1 
41 35270 2 
41 66860 2 
41 89471 2 
41 138234 1 
41 17429 1 
41 102980 2 
41 127648 2 
41 18308 3 
41 114029 2 
41 119244 1 
41 111328 1 
41 86804 1 
41 69068 3 
41 67482 1 
41 21809 1 
41 37222 1 
41 138149 1 
41 72178 3 
41 84719 1 
41 33331 1 
41 9926 1 
41 125994 1 
41 92181 1 
41 100927 1 
41 103637 1 
41 72887 1 
41 104278 1 
41 130354 1 
41 58488 1 
41 125205 1 
41 43705 1 
41 118868 1 
41 79357 1 
41 52947 1 
41 76087 2 
41 129858 1 
41 19928 1 
41 109863 1 
41 119965 1 
41 129434 1 
41 127791 1 
41 82941 1 
41 84615 1 
41 36781 1 
41 38553 2 
41 119610 1 
41 2394 1 
41 43899 1 
41 6613 2 
41 80005 2 
41 8298 1 
41 24322 1 
41 29005 1 
41 12687 1 
41 29310 1 
41 62333 1 
41 55629 1 
41 80431 1 
41 115789 1 
41 76837 1 
41 20053 2 
41 35398 2 
41 124800 1 
41 78799 1 
41 23961 1 
41 33657 1 
41 85331 1 
41 112642 1 
41 78822 1 
41 51397 3 
41 88702 1 
41 45116 1 
41 81219 1 
41 37279 2 
41 60 2 
41 93778 2 
41 21124 1 
41 57019 1 
41 60422 1 
41 61578 1 
41 97842 1 
41 70337 1 
41 3199 1 
41 132472 1 
41 73899 1 
41 129297 1 
41 123394 1 
41 103722 1 
41 56010 1 
41 15377 1 
41 114672 1 
41 11918 1 
41 11747 1 
41 36170 1 
41 122531 1 
41 138011 1 
41 131670 1 
41 123525 1 
41 131608 1 
41 131306 1 
41 36883 1 
41 6025 1 
41 102666 1 
41 100403 1 
41 36956 1 
41 138638 1 
41 43684 1 
41 136430 1 
42 36252 3 
42 92125 1 
42 56612 1 
42 20600 1 
42 70798 1 
42 77627 1 
42 103637 1 
42 49122 1 
42 69481 1 
42 127429 1 
42 75810 1 
42 96526 3 
42 45595 1 
42 44170 1 
42 6613 2 
42 14373 1 
42 18308 1 
42 114029 1 
42 58593 1 
42 111821 1 
42 136975 1 
42 93702 1 
42 34225 1 
42 77968 1 
42 85974 2 
42 105665 2 
42 126132 1 
42 16467 1 
42 62860 1 
42 57966 1 
42 109010 1 
42 9462 1 
42 124448 1 
42 80295 1 
42 41378 1 
42 92711 1 
42 50190 1 
42 94973 1 
42 64190 1 
42 48266 1 
42 8115 1 
42 121359 1 
42 98212 1 
42 64615 1 
42 129983 2 
42 61361 1 
42 67664 1 
43 111020 2 
43 6584 1 
43 3775 1 
43 103637 1 
43 10056 1 
43 62502 2 
43 67321 2 
43 93299 2 
43 113641 1 
43 40609 1 
43 123041 1 
43 133946 1 
43 20053 1 
43 35976 1 
43 54075 1 
43 68034 1 
43 125902 1 
43 85974 1 
43 85322 1 
43 43579 1 
43 101206 1 
43 86756 1 
43 69179 1 
43 66900 1 
43 81539 1 
43 60081 1 
43 51250 1 
43 8925 1 
43 5153 1 
43 78771 1 
43 97216 1 
43 89381 1 
43 85800 2 
43 36238 1 
43 103420 1 
43 107419 1 
43 30242 1 
43 40944 1 
43 115760 3 
43 27581 1 
43 117971 1 
43 49003 1 
43 105897 1 
43 98512 1 
43 18243 1 
43 99571 2 
43 101391 1 
43 18308 1 
43 72178 1 
43 50264 1 
43 69068 2 
43 103722 1 
43 93303 1 
43 124129 1 
43 3629 1 
43 78155 1 
43 102702 1 
43 38665 1 
43 64615 1 
43 43133 1 
43 44766 1 
43 26742 1 
43 136668 1 
43 20049 1 
43 48671 1 
43 83974 1 
43 47782 1 
43 13568 1 
43 19247 1 
43 109010 3 
43 129945 2 
43 137467 1 
43 50906 1 
43 117346 1 
43 94925 1 
43 41508 2 
43 16149 1 
43 50727 1 
43 88666 1 
43 25998 1 
43 49866 1 
43 89461 1 
43 67970 1 
43 76548 1 
43 41378 1 
43 50853 1 
43 115789 2 
43 92125 1 
43 49443 1 
43 33556 1 
43 111383 1 
43 6422 1 
43 70857 1 
43 107725 1 
43 113646 1 
43 96526 1 
43 4620 1 
43 51400 1 
43 105067 1 
43 137368 1 
43 114122 1 
43 26306 1 
43 102666 1 
43 136053 1 
43 9231 1 
43 46936 1 
43 75694 1 
43 42598 1 
43 65444 1 
44 21229 2 
44 4707 2 
44 57919 1 
44 126480 4 
44 80172 1 
44 117346 2 
44 128118 1 
44 137536 1 
44 24136 1 
44 136142 1 
44 114310 2 
44 93337 1 
44 61680 1 
44 32935 1 
44 113725 1 
44 119575 1 
44 86680 1 
44 68270 1 
44 93299 4 
44 37942 1 
44 79338 1 
44 93778 1 
44 4620 1 
44 129254 1 
44 72644 1 
44 104656 1 
44 100371 3 
44 98512 2 
44 97857 1 
44 113848 1 
44 858 1 
44 136492 1 
44 85713 1 
44 136322 3 
44 116724 1 
44 114819 1 
44 116503 1 
44 70773 1 
44 29604 1 
44 17596 1 
44 82000 1 
44 131665 2 
44 128450 1 
44 14485 1 
44 60328 1 
44 129235 1 
44 37195 1 
44 13568 1 
44 71130 1 
44 82418 1 
44 36128 3 
44 132403 3 
44 109037 2 
44 135258 1 
44 66669 1 
44 98428 1 
44 104160 2 
44 25254 1 
44 20053 1 
44 140172 1 
44 64615 1 
44 43367 1 
44 90475 1 
44 105674 2 
44 138716 2 
44 133656 1 
44 105129 1 
44 117428 1 
44 105735 1 
44 116940 1 
44 11373 2 
44 99616 4 
44 11390 2 
44 80005 3 
44 5719 3 
44 50190 1 
44 111791 1 
44 92253 1 
44 45331 1 
44 139366 1 
44 103637 1 
44 30336 1 
44 101302 1 
44 15078 2 
44 19154 1 
44 53537 3 
44 23353 1 
44 80295 1 
44 28552 1 
44 137554 1 
44 135743 1 
44 131077 1 
44 124897 1 
44 88723 1 
44 22339 1 
44 121906 1 
44 137045 1 
44 46744 1 
44 21151 1 
44 33959 1 
44 65615 1 
44 87250 1 
44 2875 1 
44 109010 1 
44 14675 1 
44 85974 1 
44 13336 1 
44 18651 1 
44 89015 1 
44 76837 1 
44 65490 1 
44 101375 1 
44 41508 1 
44 93655 1 
44 113156 1 
44 25906 1 
44 121097 1 
44 118990 2 
44 19928 1 
44 106451 1 
44 70218 1 
44 15988 1 
44 130617 1 
44 87003 1 
44 82118 1 
44 40217 1 
44 92664 1 
44 76190 1 
44 26494 1 
44 80327 1 
44 14757 1 
44 34092 1 
44 12852 1 
44 80594 1 
44 66288 1 
44 3775 1 
44 100817 1 
44 28404 1 
44 33940 2 
44 28894 1 
44 88708 1 
44 22494 1 
44 106897 1 
44 139764 1 
44 35360 1 
44 29755 1 
44 55973 1 
44 128429 1 
44 99110 1 
44 53960 1 
44 62258 1 
44 103315 1 
44 74736 1 
44 62435 1 
44 134132 1 
44 23523 1 
44 26543 1 
44 130308 1 
45 55973 1 
45 21229 1 
45 136060 1 
45 111821 2 
45 42818 1 
45 99401 2 
45 20207 1 
45 67664 1 
45 50853 1 
45 69068 2 
45 58494 1 
45 103099 1 
45 81238 1 
45 43124 1 
45 89517 1 
45 100371 1 
45 109607 1 
45 7753 1 
45 77270 1 
45 6025 2 
45 24093 1 
45 75694 1 
45 137368 1 
45 117428 1 
45 70798 1 
45 19007 1 
45 92711 1 
45 64716 1 
45 5631 1 
45 131077 1 
45 109010 1 
45 33141 1 
45 72339 1 
45 74821 1 
45 135924 1 
45 13563 1 
45 71130 1 
45 135944 1 
45 136668 2 
45 54075 2 
45 96200 1 
45 102468 1 
45 61945 1 
45 108712 1 
45 76878 2 
45 113816 1 
45 39274 1 
45 10930 1 
45 53495 1 
45 45705 1 
45 59132 1 
45 125434 1 
45 103295 1 
45 63610 1 
45 24914 2 
45 125335 1 
45 62869 1 
45 25917 1 
45 130622 1 
45 79822 1 
45 53462 1 
45 90062 1 
45 72848 1 
45 45043 1 
45 138755 1 
45 36092 1 
45 63784 1 
45 60324 1 
45 112954 1 
45 108596 1 
45 106849 1 
45 100263 1 
45 84947 1 
45 105236 1 
45 88601 1 
45 87488 1 
45 19139 1 
45 1001 1 
45 30207 1 
46 103637 1 
46 107440 1 
46 46491 1 
46 5511 1 
46 64615 3 
46 41762 1 
46 115631 1 
46 48335 1 
46 78771 1 
46 106697 1 
46 98212 2 
46 113223 1 
46 137875 1 
46 111020 1 
46 52007 1 
46 122437 2 
46 12812 2 
46 80005 1 
46 115581 2 
46 26864 1 
46 50978 1 
46 37164 1 
46 136668 1 
46 136787 1 
46 81306 1 
46 69138 1 
46 51585 1 
46 83755 2 
46 48886 1 
46 99729 1 
46 31352 1 
46 64632 1 
46 66445 1 
46 132881 1 
46 54849 1 
46 5719 1 
46 80295 1 
46 86281 3 
46 135924 1 
46 115773 1 
46 109010 2 
46 69068 1 
46 136425 1 
46 78157 2 
46 37537 1 
46 110312 1 
46 25037 1 
46 76255 2 
46 1596 1 
46 140197 1 
46 111548 1 
46 27325 1 
46 137368 1 
46 111176 1 
46 104160 1 
46 74736 1 
46 43889 1 
46 57049 1 
46 140188 1 
46 5655 1 
46 53183 1 
46 51246 1 
46 18308 1 
46 112200 1 
47 86779 1 
47 61934 1 
47 51913 1 
47 21817 1 
47 48961 1 
47 49862 1 
47 87003 1 
47 83183 1 
47 105129 2 
47 575 1 
47 5516 1 
47 58089 1 
47 118972 1 
47 49847 1 
47 126132 1 
47 15078 2 
47 35093 1 
47 58780 1 
47 86171 1 
47 33940 1 
47 83698 1 
47 34970 1 
47 5356 2 
47 103722 1 
47 69138 1 
47 86420 1 
47 23974 1 
47 115631 1 
47 123803 1 
47 52194 1 
47 129533 1 
47 107050 1 
47 76101 1 
47 40643 1 
47 18308 1 
47 128241 1 
47 71130 2 
47 118990 1 
47 70725 1 
47 22049 1 
47 107887 1 
47 64615 1 
47 32008 1 
47 16788 1 
47 75052 1 
47 56612 1 
47 6025 2 
47 25420 1 
47 12639 1 
47 99347 1 
47 82452 1 
47 113760 1 
47 892 1 
48 40119 1 
48 49443 2 
48 93222 2 
48 132509 1 
48 70464 1 
48 80005 1 
48 95115 1 
48 43889 1 
48 17464 1 
48 32671 1 
48 85257 1 
48 36238 1 
48 892 2 
48 111383 1 
48 135432 1 
48 95962 1 
48 18308 1 
48 59173 1 
48 62502 1 
48 47928 1 
48 77968 1 
48 48227 1 
48 34582 1 
48 114310 1 
49 892 2 
49 50821 1 
49 83718 1 
49 43562 1 
49 99797 1 
49 109010 2 
49 100013 1 
49 25011 1 
49 48671 1 
49 116992 1 
49 86885 1 
49 2384 1 
49 89517 2 
49 76893 1 
49 64578 1 
49 103722 1 
49 115789 2 
49 9137 1 
49 44024 3 
49 15028 1 
49 7867 1 
49 6025 4 
49 103937 1 
49 79792 1 
49 48116 1 
49 16467 1 
49 122401 2 
49 41762 2 
49 36128 2 
49 116757 1 
49 34225 2 
49 34325 1 
49 118718 1 
49 42818 2 
49 26864 3 
49 82663 1 
49 51330 1 
49 101375 1 
49 87576 1 
49 112200 1 
49 99616 1 
49 663 1 
49 6310 1 
49 111821 1 
49 72350 1 
49 85974 3 
49 50190 1 
49 58658 1 
49 121963 1 
49 64791 1 
49 125335 1 
49 95643 2 
49 59161 1 
49 1866 1 
49 24905 1 
49 54117 1 
49 96651 1 
49 112707 1 
49 111548 1 
49 105129 1 
49 104160 1 
49 78419 1 
49 75147 1 
49 113812 1 
49 103496 1 
49 136614 1 
49 83715 1 
49 14743 1 
49 135286 1 
49 81162 1 
49 94618 1 
49 6613 2 
49 72830 1 
49 48886 1 
49 95624 1 
49 3775 1 
49 33940 1 
49 52185 1 
49 8146 1 
49 1870 1 
49 41378 1 
49 126879 1 
49 130354 1 
49 19535 1 
49 135258 1 
49 64615 1 
49 71898 1 
49 49939 1 
49 72142 1 
49 89461 1 
49 99729 1 
49 123259 1 
49 115899 1 
