0 117346 1 
0 72372 2 
0 12812 3 
0 85974 4 
0 50190 1 
0 3761 1 
0 70372 2 
0 30864 1 
0 66289 1 
0 93299 1 
0 129434 1 
0 13638 1 
0 107831 1 
0 77968 1 
0 71898 1 
0 49939 1 
0 96680 1 
0 15758 1 
0 107954 3 
0 25326 1 
0 92878 1 
0 41508 1 
0 43450 1 
0 114122 1 
0 77995 1 
0 23974 2 
0 97423 1 
0 61254 1 
0 72465 1 
0 82779 1 
0 111550 1 
0 36555 1 
0 119277 1 
0 75240 2 
0 87003 1 
0 39164 1 
0 53960 1 
0 24831 1 
0 105236 1 
0 88554 1 
0 126978 1 
0 14913 1 
0 92514 1 
0 36081 1 
0 34968 1 
0 105067 1 
0 17373 1 
0 43367 1 
0 95626 1 
0 82844 1 
0 121831 1 
0 122437 1 
1 107165 4 
1 121831 4 
1 36238 1 
1 41762 1 
1 33940 1 
1 43133 1 
1 134512 1 
1 107887 3 
1 52583 2 
1 70798 4 
1 120931 1 
1 61542 2 
1 66445 1 
1 36801 4 
1 79653 1 
1 32647 1 
1 21569 1 
1 109037 1 
1 72178 1 
1 129734 1 
1 36274 1 
1 5153 3 
1 120895 1 
1 35470 1 
1 64615 4 
1 111020 1 
1 50910 1 
1 8060 1 
1 98212 2 
1 75240 1 
1 52781 1 
1 43450 1 
1 51929 1 
1 104656 1 
1 20041 1 
1 103722 2 
1 110395 2 
1 61934 1 
1 89517 2 
1 39601 1 
1 105129 1 
1 59297 1 
1 126978 2 
1 6025 3 
1 117428 1 
1 76826 1 
1 82693 1 
1 126132 1 
1 5491 1 
1 6613 1 
1 24339 1 
1 5921 1 
1 105429 2 
1 78363 1 
1 26427 1 
1 22231 1 
1 56612 1 
1 42893 1 
1 101082 1 
1 27164 1 
1 25986 1 
1 26305 1 
1 25670 2 
1 76856 5 
1 80577 1 
1 107954 3 
1 88554 4 
1 86779 1 
1 122539 3 
1 89409 2 
1 36081 1 
1 120279 1 
1 82418 2 
1 84427 1 
1 31718 1 
1 40148 1 
1 38288 2 
1 19979 1 
1 35082 1 
1 64678 1 
1 65490 1 
1 92814 1 
1 108438 1 
1 86804 1 
1 46882 1 
1 32935 1 
1 85473 1 
1 124527 2 
1 66860 1 
1 55832 1 
1 57103 1 
1 137368 1 
1 94695 1 
1 92708 1 
1 93006 1 
1 70826 1 
1 2678 1 
1 109010 1 
1 3761 1 
1 100817 1 
1 19624 1 
1 28889 1 
1 45216 1 
1 50853 1 
1 115581 1 
1 38099 1 
1 64791 1 
1 126498 1 
1 31879 1 
1 112091 1 
1 1142 1 
1 62869 1 
1 85663 1 
1 25326 1 
1 57886 1 
1 124897 1 
1 76878 1 
1 91248 1 
1 85974 1 
1 66244 1 
1 48956 1 
2 58231 5 
2 18308 1 
2 116991 1 
2 107954 1 
2 39372 1 
2 77270 1 
2 64615 1 
2 96345 2 
2 137666 1 
2 109010 1 
2 91772 1 
2 128837 1 
2 6827 1 
2 65285 1 
2 48886 1 
2 2096 1 
2 118392 2 
2 70370 1 
2 99222 1 
2 122650 1 
2 116924 1 
2 64671 1 
2 42448 1 
2 43710 1 
2 91168 1 
2 62418 1 
2 120077 1 
2 24339 1 
2 47052 1 
2 122150 1 
2 43831 1 
2 125686 1 
2 56612 1 
2 118104 1 
2 6025 1 
2 63199 1 
2 98897 1 
2 12697 1 
2 127735 1 
2 125784 1 
2 70115 1 
2 88687 1 
2 103722 1 
2 117963 1 
2 5153 1 
2 104856 1 
2 100300 1 
2 42210 1 
2 47273 1 
2 68304 1 
2 15589 1 
2 103099 1 
2 80005 1 
2 100263 1 
2 104074 1 
3 58231 8 
3 33890 1 
3 119277 1 
3 21158 1 
3 124797 1 
3 64289 1 
3 18270 1 
3 68633 3 
3 100106 7 
3 136176 1 
3 9958 1 
3 108121 1 
3 37451 1 
3 3381 1 
3 51250 1 
3 23945 1 
3 59846 1 
3 99476 3 
3 99783 3 
3 26229 1 
3 72332 1 
3 117428 2 
3 39381 1 
3 79369 1 
3 36801 1 
3 118844 1 
3 124129 1 
3 17918 1 
3 31325 1 
3 114310 2 
3 23388 1 
3 35764 2 
3 100371 1 
3 52922 1 
3 103559 1 
3 50506 1 
3 39457 1 
3 707 1 
3 5153 4 
3 70675 1 
3 74185 1 
3 114029 1 
3 117907 1 
3 84721 1 
3 55459 1 
3 133174 1 
3 105027 1 
3 93034 1 
3 73797 1 
3 87250 1 
3 10463 1 
3 55973 1 
3 101111 1 
3 62216 2 
3 43911 1 
3 74360 2 
3 87200 1 
3 29533 1 
3 107593 1 
3 119761 1 
3 85097 1 
3 122822 1 
3 27258 1 
3 61489 1 
3 31351 1 
3 112878 1 
3 244 1 
3 121751 1 
3 71134 1 
3 110154 1 
3 57625 1 
3 44596 2 
3 3353 1 
3 8146 1 
3 107887 1 
3 102711 1 
3 49299 1 
3 71503 1 
3 71804 2 
3 130354 1 
3 15589 1 
3 43167 2 
3 59508 1 
3 77711 1 
3 115959 1 
3 23162 1 
3 11124 1 
3 55495 1 
3 43474 2 
3 41336 2 
3 68060 2 
3 36781 2 
3 70077 1 
3 118398 1 
3 123682 1 
3 52781 2 
3 127654 2 
3 112921 1 
3 24905 1 
3 95714 1 
3 110237 1 
3 67468 1 
3 25517 1 
3 110056 1 
3 55076 1 
3 24742 1 
3 91248 3 
3 33657 1 
3 88991 1 
3 96532 2 
3 1237 1 
3 31910 1 
3 132309 1 
3 67720 2 
3 59860 1 
3 72175 1 
3 49960 1 
3 48886 1 
3 21205 1 
3 140172 1 
3 44766 1 
3 117004 1 
3 43889 3 
3 18724 1 
3 69068 2 
3 24590 1 
3 61143 1 
3 101913 1 
3 79778 1 
3 129983 1 
3 90062 1 
3 32428 2 
3 28992 1 
3 59403 1 
3 35216 2 
3 8381 1 
3 33940 1 
3 30591 1 
3 18121 3 
3 53668 1 
3 122011 1 
3 48003 1 
3 17778 3 
3 86177 1 
3 73962 1 
3 135665 1 
3 110965 1 
3 66282 1 
3 30864 1 
3 31382 1 
3 99789 1 
3 113897 1 
3 34069 1 
3 135160 1 
3 28849 1 
3 93299 1 
3 136670 1 
3 14170 1 
3 87003 1 
3 119613 1 
3 67995 1 
3 13113 1 
3 126132 2 
3 18308 3 
3 54117 1 
3 111900 1 
3 3426 1 
3 129102 2 
3 21151 1 
3 42930 1 
3 90858 1 
3 16946 1 
3 77099 1 
3 77539 1 
3 89824 1 
3 63610 1 
3 53106 1 
3 135320 1 
3 120270 1 
3 55354 1 
3 108921 1 
3 20499 1 
3 106896 1 
3 16976 1 
3 20691 1 
3 51938 1 
3 68732 1 
3 20465 1 
3 68998 1 
3 54272 1 
3 135006 1 
3 129447 1 
3 123756 1 
3 44444 1 
3 90163 1 
3 100247 1 
3 73437 1 
3 38262 1 
3 57694 1 
3 62860 2 
3 74043 1 
3 70786 1 
3 41927 1 
3 118394 1 
3 66741 1 
3 107468 1 
3 129772 1 
3 76472 1 
3 127759 1 
3 5719 1 
3 115789 1 
3 125686 1 
3 88554 1 
3 105129 1 
3 4062 1 
3 132068 1 
3 6613 1 
3 12481 1 
3 88409 2 
3 57719 1 
3 40756 1 
3 41331 1 
3 115880 2 
3 89517 1 
3 83698 1 
3 123259 1 
3 75893 1 
3 80664 1 
3 70798 1 
3 30472 1 
3 134900 1 
3 58869 1 
3 48568 1 
3 107006 1 
3 54483 1 
3 97689 1 
3 40751 1 
3 119195 1 
3 126725 1 
3 135758 1 
3 79554 1 
3 2352 1 
3 99570 1 
3 54075 1 
3 33579 1 
3 138355 1 
3 97875 1 
3 76441 1 
3 80005 1 
3 137045 1 
3 87902 1 
3 50919 1 
3 103048 1 
3 93662 1 
3 73947 1 
3 131976 1 
3 41378 2 
3 806 1 
3 93778 1 
3 82051 1 
3 83259 1 
3 21110 1 
3 49672 1 
3 112091 1 
3 64632 1 
3 45271 1 
3 37430 1 
3 136886 1 
3 131077 1 
3 133734 1 
3 19147 1 
3 137175 1 
3 134932 1 
3 99630 1 
3 5773 1 
3 38571 1 
3 57919 1 
3 27712 1 
3 44428 1 
3 26048 1 
3 127735 1 
3 72022 1 
3 51762 1 
3 127442 1 
3 109010 1 
3 125205 1 
3 25011 1 
3 8386 1 
3 135233 1 
3 62669 1 
3 135258 1 
3 9070 1 
4 55601 2 
4 77417 2 
4 64615 2 
4 14144 1 
4 60814 1 
4 80005 1 
4 61680 1 
4 858 1 
4 116511 1 
4 69068 2 
4 79755 1 
4 43450 2 
4 52185 1 
4 133942 1 
4 58810 1 
4 83183 1 
4 5851 1 
4 74289 1 
4 48934 1 
4 30917 1 
4 107803 2 
4 133397 1 
4 72318 1 
4 80857 1 
4 133178 1 
4 46558 1 
4 105129 1 
4 26864 1 
4 111654 1 
4 18585 1 
4 30449 1 
4 98005 1 
4 11512 1 
4 50906 1 
4 125205 1 
4 106669 1 
4 92125 1 
4 88708 1 
4 58231 1 
4 125473 1 
4 48568 1 
4 62633 1 
4 5926 1 
4 103451 1 
4 12380 1 
4 74154 1 
4 120974 1 
4 4227 1 
4 13899 1 
4 97270 1 
4 64304 1 
4 135006 1 
4 10261 1 
4 124842 1 
4 58242 1 
4 78419 1 
4 68270 1 
4 98948 1 
4 60561 1 
4 117940 1 
4 43425 1 
4 47882 1 
4 94965 1 
4 36848 1 
4 50853 1 
4 115205 1 
4 118024 1 
4 12812 1 
4 110312 1 
4 129434 1 
4 15203 1 
4 93890 1 
4 33940 1 
4 138767 1 
4 4620 1 
4 29162 1 
4 93322 1 
4 125993 1 
4 62384 1 
4 107440 1 
4 57919 1 
4 25517 1 
4 110709 1 
4 136821 1 
4 112449 1 
4 62349 1 
4 21124 1 
4 121769 1 
4 51141 1 
4 90265 1 
4 84782 1 
4 23731 1 
4 5708 1 
4 42818 3 
4 58016 1 
4 6487 1 
4 48042 1 
4 14133 1 
4 12481 1 
4 93550 1 
4 36238 1 
4 54272 1 
4 80676 1 
4 18308 1 
4 57019 1 
4 119610 1 
4 114079 1 
4 98212 2 
4 15078 1 
4 121964 1 
4 95626 1 
4 35216 1 
4 110407 1 
4 80393 1 
4 100371 1 
4 88554 1 
4 129736 1 
4 123886 1 
4 89461 1 
4 23169 1 
4 86420 1 
4 46757 1 
4 70335 1 
4 48886 1 
4 132403 1 
4 91781 1 
4 107265 1 
5 892 1 
5 58231 11 
5 118462 1 
5 45909 1 
5 89093 1 
5 45331 1 
5 39381 2 
5 119353 3 
5 38306 1 
5 3950 2 
5 77270 3 
5 129117 2 
5 21124 3 
5 42448 2 
5 18807 1 
5 99789 2 
5 9329 3 
5 45897 1 
5 14898 1 
5 89398 1 
5 69902 2 
5 126191 1 
5 121093 1 
5 118229 2 
5 10557 1 
5 70798 3 
5 77517 3 
5 28539 1 
5 54149 3 
5 38099 1 
5 2046 2 
5 75655 1 
5 124208 1 
5 118718 1 
5 83755 1 
5 20600 1 
5 111020 1 
5 117178 1 
5 109414 1 
5 132068 1 
5 34266 1 
5 103637 1 
5 88554 6 
5 66445 3 
5 70826 1 
5 81947 1 
5 104781 4 
5 56569 2 
5 35216 1 
5 20265 1 
5 125315 2 
5 984 1 
5 80026 1 
5 5585 1 
5 43489 1 
5 83477 2 
5 103175 1 
5 101391 1 
5 23084 1 
5 79249 1 
5 30443 1 
5 54345 1 
5 95624 1 
5 86584 1 
5 81494 1 
5 119100 1 
5 24659 1 
5 24831 2 
5 122235 4 
5 94129 1 
5 126027 1 
5 93525 1 
5 84199 2 
5 11954 1 
5 133934 1 
5 78771 1 
5 26494 1 
5 40827 2 
5 69140 1 
5 92452 1 
5 21184 1 
5 72178 3 
5 118275 1 
5 102313 1 
5 64632 2 
5 115789 2 
5 45656 1 
5 122437 1 
5 129434 2 
5 80005 3 
5 98187 1 
5 131566 1 
5 1653 1 
5 25111 1 
5 54075 1 
5 109010 2 
5 47647 1 
5 115581 1 
5 137153 1 
5 92125 1 
5 93550 1 
5 25037 1 
5 64205 1 
5 2382 1 
5 51647 1 
5 29940 1 
5 75240 1 
5 137045 1 
5 30917 1 
5 119079 1 
5 30038 1 
5 5516 1 
5 59173 2 
5 24339 3 
5 105343 3 
5 94600 1 
5 48886 12 
5 64615 2 
5 87003 3 
5 29533 1 
5 43367 1 
5 111148 1 
5 116120 1 
5 115916 1 
5 101101 1 
5 45907 1 
5 114422 1 
5 81741 1 
5 58223 1 
5 116394 1 
5 61696 1 
5 72479 1 
5 69068 1 
5 117428 1 
5 42981 1 
5 136975 1 
5 46757 1 
5 56308 1 
5 133075 1 
5 40984 1 
5 126480 1 
5 22598 1 
5 75927 1 
5 6337 1 
5 132638 1 
5 54526 1 
5 41762 1 
5 18308 2 
5 54816 1 
5 86778 1 
5 13336 1 
5 65373 1 
5 85974 1 
5 34968 1 
5 4026 1 
5 13638 1 
5 77711 1 
5 28992 2 
5 84619 1 
5 78684 1 
5 77247 1 
5 109668 6 
5 130034 1 
5 119657 1 
5 9462 1 
5 124802 1 
5 16235 1 
5 135742 1 
5 122914 2 
5 33298 1 
5 30300 1 
5 106561 2 
5 124121 3 
5 82078 1 
5 113182 1 
5 46303 4 
5 106451 1 
5 80213 1 
5 21885 1 
5 58869 1 
5 29576 1 
5 95460 2 
5 13064 1 
5 4878 1 
5 72374 1 
5 40096 1 
5 83039 1 
5 127947 1 
5 125205 3 
5 45721 3 
5 33255 1 
5 24216 1 
5 117201 1 
5 64671 3 
5 38605 1 
5 5854 1 
5 115304 2 
5 87441 2 
5 2233 1 
5 44006 1 
5 36610 1 
5 59975 1 
5 32935 1 
5 109607 1 
5 5929 1 
5 32428 1 
5 16467 1 
5 116102 1 
5 49960 1 
5 14672 1 
5 3016 1 
5 136425 1 
5 88087 2 
5 128347 1 
5 5655 2 
5 9118 1 
5 102064 1 
5 86171 1 
5 107548 1 
5 19824 1 
5 130787 1 
5 77614 1 
5 43682 1 
5 124448 1 
5 30347 1 
5 14523 1 
5 56306 2 
5 92966 1 
5 74917 1 
5 96978 2 
5 87902 1 
5 26633 1 
5 10599 1 
5 12959 1 
5 93963 1 
5 50732 1 
5 86118 1 
5 41378 1 
5 109288 1 
5 43450 1 
5 85663 1 
6 83361 1 
6 5153 1 
6 87003 1 
6 61369 1 
6 107954 1 
6 59161 1 
6 16788 1 
6 56612 2 
6 94207 1 
6 24511 1 
6 86335 1 
6 90227 1 
6 111435 1 
6 49443 1 
6 110332 1 
6 133883 1 
6 125335 1 
6 112903 1 
6 53960 1 
6 108550 1 
6 53537 1 
6 72022 1 
6 8322 1 
6 101391 1 
6 58231 1 
6 126132 1 
6 67664 1 
6 82663 1 
6 62333 1 
6 52194 1 
6 38635 1 
6 100371 1 
6 25111 1 
7 12866 4 
7 97055 4 
7 1076 1 
7 99616 1 
7 75358 3 
7 23651 1 
7 28101 1 
7 107050 1 
7 87757 8 
7 26152 1 
7 127387 2 
7 73944 2 
7 53840 1 
7 1719 1 
7 41958 1 
7 72662 1 
7 48961 3 
7 103496 1 
7 26355 1 
7 20476 1 
7 59860 1 
7 23905 1 
7 101301 1 
7 32662 1 
7 122235 4 
7 48581 1 
7 73062 1 
7 79822 2 
7 15078 2 
7 87155 1 
7 27558 2 
7 12812 1 
7 71678 3 
7 64632 1 
7 49829 1 
7 70786 1 
7 6162 1 
7 60011 1 
7 43367 1 
7 28297 1 
7 78771 1 
7 93778 1 
7 76255 1 
7 60 1 
7 104115 1 
7 72175 1 
7 58780 1 
7 30941 2 
7 28015 1 
7 119129 1 
7 7412 1 
7 43911 2 
7 73328 2 
7 136133 1 
7 15241 1 
7 104067 1 
7 66860 2 
7 88554 2 
7 44766 1 
7 62502 1 
7 110664 2 
7 117351 1 
7 5153 3 
7 93023 1 
7 18211 1 
7 12687 1 
7 59975 1 
7 30961 1 
7 77401 2 
7 79119 2 
7 23353 2 
7 69068 1 
7 88677 1 
7 136886 1 
7 66058 1 
7 103420 1 
7 99571 1 
7 124448 1 
7 56395 1 
7 47647 1 
7 76878 1 
7 135258 1 
7 136176 1 
7 3797 1 
7 13621 1 
7 11440 1 
7 9022 1 
7 62384 2 
7 33657 1 
7 113560 1 
7 104278 1 
7 128519 1 
7 58214 1 
7 9930 1 
7 108438 1 
7 123673 1 
7 96506 1 
7 41798 3 
7 69568 2 
7 95417 2 
7 134975 1 
7 85394 1 
7 27563 1 
7 72178 1 
7 12481 2 
7 115959 1 
7 19147 1 
7 23414 1 
7 133640 1 
7 24742 1 
7 118104 1 
7 99439 1 
7 17667 1 
7 26864 1 
7 123803 1 
7 54488 1 
7 116593 1 
7 75240 1 
7 50853 2 
7 66900 3 
7 49470 1 
7 133398 1 
7 77417 1 
7 90374 1 
7 93299 3 
7 132309 1 
7 15377 1 
7 137950 1 
7 54764 1 
7 75998 1 
7 113156 1 
7 107610 1 
7 102066 1 
7 12325 1 
7 20053 1 
7 4620 1 
7 1653 1 
7 6025 1 
7 94977 1 
7 129434 2 
7 116215 1 
7 120296 1 
7 30135 2 
7 34863 1 
7 132592 1 
7 113760 1 
7 25638 1 
7 77614 1 
7 100750 1 
7 113427 1 
7 39164 1 
7 97865 1 
7 135995 1 
7 125902 1 
7 89517 1 
7 20418 2 
7 80005 2 
7 62333 1 
7 4273 1 
7 64615 2 
7 114332 1 
7 86531 1 
7 118718 1 
7 30814 2 
7 73177 1 
7 91645 1 
7 39236 1 
7 91624 1 
7 129903 1 
7 82319 1 
7 108301 2 
7 49157 1 
7 94474 1 
7 57104 1 
7 42818 1 
7 53077 1 
7 13638 1 
7 78419 1 
7 44596 1 
7 134357 1 
7 65449 1 
7 67468 1 
7 136505 1 
7 136790 1 
7 56612 1 
7 64020 1 
7 85005 1 
7 112664 1 
7 40096 1 
7 23162 1 
7 79792 1 
7 58824 1 
7 104315 1 
7 90521 1 
7 12161 1 
7 67650 1 
7 81213 1 
7 125914 1 
7 114422 1 
7 105129 1 
7 72917 1 
7 64190 1 
7 41508 2 
7 119277 1 
7 15589 1 
7 109551 1 
7 84373 1 
7 48944 1 
7 29032 1 
7 110053 1 
7 87661 1 
7 47703 1 
7 26306 2 
7 101204 1 
7 28785 1 
7 77541 1 
7 70370 1 
7 46491 1 
7 1249 1 
7 37039 1 
7 3786 1 
7 4532 1 
7 117655 1 
7 102739 1 
7 98342 1 
7 128137 1 
7 81938 1 
7 671 2 
7 30907 1 
7 120270 1 
7 86010 1 
7 116120 1 
7 72449 1 
7 5759 1 
7 126480 1 
7 24322 1 
7 49939 1 
7 34348 1 
7 107954 1 
7 76565 1 
7 117346 1 
7 103722 1 
7 41399 1 
7 111383 1 
7 83520 1 
7 115789 1 
7 132403 1 
7 22231 1 
7 77968 1 
7 136430 1 
7 23974 1 
7 5773 1 
7 85974 2 
7 42448 1 
7 26494 1 
7 63199 1 
7 118990 3 
7 89907 1 
7 100063 1 
7 87003 1 
7 65364 1 
7 22918 1 
7 70272 1 
7 104431 1 
7 124599 1 
7 129858 1 
7 132443 1 
7 85771 1 
7 71203 1 
7 42819 1 
7 45721 1 
8 58231 1 
8 93655 1 
8 86171 2 
8 14648 1 
8 100371 1 
8 48886 1 
8 85974 3 
8 104160 1 
8 69713 1 
8 13860 1 
8 55042 1 
8 104533 1 
8 102794 1 
8 21151 2 
8 136668 1 
8 41762 1 
8 76893 1 
8 32935 1 
8 13638 2 
8 18651 1 
8 81861 1 
8 19257 1 
8 134478 1 
8 79338 1 
8 62364 1 
8 26864 2 
8 6310 1 
8 2056 1 
8 12837 1 
8 118104 1 
8 133755 1 
8 81202 1 
8 137187 1 
8 12970 1 
8 31584 1 
8 45387 1 
8 44030 1 
8 112796 1 
8 33848 2 
8 25037 1 
8 13482 1 
8 83183 1 
8 6600 2 
8 129434 1 
8 13336 2 
8 6584 1 
8 57325 1 
8 8298 1 
8 33940 1 
8 135006 1 
8 39426 1 
8 5655 2 
8 45613 1 
8 5516 1 
8 76878 1 
8 90062 1 
9 115581 1 
9 72963 1 
9 1564 4 
9 9329 1 
9 33776 1 
9 7229 2 
9 64632 2 
9 97797 1 
9 92134 1 
9 104352 1 
9 43450 2 
9 76878 1 
9 82418 1 
9 62860 1 
9 48886 1 
9 113672 1 
9 49443 1 
9 40787 1 
9 64615 3 
9 41762 1 
9 124947 1 
9 105129 1 
9 5153 2 
9 36396 2 
9 74955 1 
9 87003 1 
9 83183 1 
9 116901 1 
9 35270 3 
9 8667 1 
9 45750 1 
9 133220 1 
9 52781 1 
9 53063 1 
9 106235 1 
9 121292 1 
9 41237 1 
9 10523 1 
9 1097 1 
9 104033 1 
9 98885 1 
9 26864 1 
9 124790 1 
9 2045 1 
9 2029 1 
9 33790 1 
9 31093 1 
9 23015 1 
9 74496 1 
9 18308 1 
9 106268 1 
9 4637 1 
9 125205 1 
9 85800 1 
9 50853 1 
9 14144 1 
9 76856 1 
9 138496 1 
9 28632 1 
9 30336 1 
9 76255 1 
9 85713 1 
9 137898 1 
9 108327 1 
9 89685 1 
9 48427 1 
9 80530 1 
9 79115 1 
9 103553 1 
9 90981 1 
10 42448 1 
10 129725 1 
10 107954 2 
10 9988 1 
10 107101 2 
10 59206 1 
10 3761 1 
10 85974 1 
10 64615 3 
10 118324 2 
10 56996 1 
10 104160 2 
10 35976 2 
10 48277 1 
10 12852 1 
10 125500 1 
10 11976 1 
10 132509 2 
10 126480 1 
10 5945 1 
10 107887 1 
10 28208 1 
10 107440 2 
10 109548 1 
10 30449 1 
10 114638 1 
10 81612 1 
10 88834 1 
10 118457 1 
10 133596 1 
10 126027 1 
10 20691 1 
10 14144 1 
10 16467 1 
10 117428 1 
10 109841 1 
10 123798 2 
10 28894 1 
10 64671 1 
10 80671 1 
10 105343 1 
10 94600 1 
10 1596 1 
10 119247 1 
10 95593 1 
10 117479 1 
10 62769 1 
10 42893 2 
10 122539 1 
10 40608 1 
10 131946 1 
10 119483 1 
10 84221 1 
10 24734 1 
10 64546 1 
10 28992 1 
10 119984 1 
10 13908 2 
10 6025 4 
10 88554 2 
10 44766 2 
10 105777 1 
10 56612 1 
10 54075 1 
10 48886 1 
10 119124 1 
10 72625 1 
10 50469 1 
10 16798 1 
10 128515 1 
10 128625 1 
10 124008 1 
10 32768 1 
10 61614 1 
10 25037 1 
10 9070 1 
10 25819 1 
10 42612 1 
10 21078 1 
10 3775 1 
10 5153 3 
10 92856 1 
10 32275 1 
10 125194 1 
10 118718 1 
10 85322 1 
10 98019 1 
10 69068 1 
10 16420 1 
10 23974 1 
10 48523 2 
10 5854 1 
10 5719 1 
10 111447 1 
10 134779 1 
10 27581 1 
10 99278 1 
10 44596 1 
10 107577 1 
10 29755 1 
10 8229 1 
10 87803 1 
10 74753 1 
11 44793 1 
11 126024 1 
11 12683 1 
11 41725 2 
11 136482 1 
11 113085 1 
11 29788 1 
11 15475 1 
11 114706 1 
11 117423 1 
11 52756 1 
11 33217 1 
11 100371 2 
11 111932 1 
11 60012 1 
11 92083 1 
11 113783 1 
11 74226 1 
11 117007 1 
11 36081 1 
11 56329 1 
11 74349 1 
11 41762 1 
11 79601 1 
11 101375 1 
11 54997 1 
11 18114 1 
11 44134 1 
11 4302 1 
11 82606 1 
11 37869 1 
11 61361 1 
11 1237 1 
11 34582 1 
11 93158 1 
11 48939 1 
11 59158 1 
11 33745 1 
11 3199 1 
11 93315 1 
11 94746 1 
11 30142 1 
11 105858 1 
11 119610 1 
11 14489 1 
12 108438 3 
12 93322 3 
12 77968 1 
12 26210 1 
12 58231 5 
12 5491 1 
12 6613 1 
12 76708 1 
12 45026 4 
12 23162 1 
12 17186 2 
12 51225 1 
12 137585 1 
12 80765 1 
12 136787 1 
12 10765 1 
12 132080 1 
12 121528 1 
12 97230 1 
12 30965 2 
12 110846 2 
12 89517 1 
12 4593 2 
12 41762 1 
12 9889 1 
12 70826 1 
12 5153 4 
12 100263 1 
12 16336 1 
12 86000 1 
12 41378 2 
12 2228 1 
12 5655 1 
12 107101 1 
12 33380 2 
12 118104 1 
12 94630 1 
12 108055 1 
12 86030 1 
12 8018 1 
12 104211 1 
12 29310 1 
12 75240 1 
12 34968 1 
12 126892 1 
12 21151 1 
12 34830 1 
12 38099 1 
12 12481 1 
12 43133 1 
12 51730 1 
12 137368 1 
12 3199 1 
12 47647 1 
12 42589 2 
12 43450 2 
12 97766 1 
12 30472 1 
12 116511 1 
12 77270 1 
12 88687 2 
12 8298 1 
12 68829 1 
12 126132 1 
12 62860 1 
12 41508 1 
12 7330 1 
12 109010 1 
12 21124 1 
12 25037 1 
12 46021 1 
12 5502 1 
12 65822 2 
12 10543 2 
12 5516 2 
12 68181 1 
12 70786 1 
12 135944 1 
12 73797 1 
12 115789 1 
12 134947 1 
12 60011 1 
12 39372 1 
12 76893 1 
12 129434 1 
12 117428 1 
12 82844 1 
12 76856 1 
12 104160 1 
13 22598 1 
13 932 1 
13 36801 1 
13 92116 1 
13 39497 1 
13 66445 1 
13 64678 1 
13 107954 1 
13 52782 1 
13 106693 1 
13 129434 1 
13 53668 1 
13 95626 1 
13 53975 1 
13 28765 1 
13 99455 1 
13 4707 1 
13 85974 1 
13 64615 2 
13 85663 1 
13 122437 1 
13 131966 1 
13 6310 1 
14 124527 1 
14 35470 1 
14 70798 1 
14 72618 3 
14 119339 3 
14 92514 1 
14 107954 3 
14 107887 3 
14 79413 1 
14 63199 1 
14 5556 1 
14 64615 3 
14 47782 1 
14 136668 2 
14 122650 1 
14 37493 1 
14 99630 1 
14 51390 1 
14 59173 2 
14 130756 1 
14 73565 1 
14 48886 1 
14 88554 1 
14 9293 1 
14 46040 1 
14 125205 1 
14 46173 1 
14 129533 1 
14 61033 1 
14 19154 1 
14 125902 1 
14 89751 1 
14 50412 1 
14 33655 1 
14 105236 1 
14 54775 1 
14 40857 1 
14 91146 1 
14 62668 1 
14 89824 1 
14 54997 1 
14 106677 1 
14 31012 1 
14 101907 1 
14 110106 1 
14 21229 1 
14 135006 1 
14 35093 1 
14 79338 1 
14 13625 1 
14 88601 1 
14 124817 1 
14 193 1 
14 121831 1 
14 117178 1 
14 66445 1 
14 67970 1 
14 36801 1 
14 36900 1 
14 34605 1 
15 89517 4 
15 124817 1 
15 74999 2 
15 117346 1 
15 43608 1 
15 6025 2 
15 111020 2 
15 113562 1 
15 892 1 
15 120270 2 
15 97270 1 
15 33774 1 
15 42818 2 
15 80209 1 
15 80005 1 
15 132403 1 
15 131452 1 
15 9725 1 
15 36900 1 
15 34605 1 
15 125018 1 
15 90990 1 
15 119483 1 
15 93299 1 
15 70447 5 
15 120720 1 
15 95917 3 
15 45830 1 
15 105281 2 
15 64615 2 
15 128705 3 
15 37493 1 
15 118184 1 
15 4945 1 
15 111563 1 
15 69675 1 
15 29443 1 
15 122093 2 
15 138211 1 
15 116559 1 
15 76144 1 
15 114819 1 
15 5491 1 
15 45645 1 
15 137467 1 
15 32935 1 
15 76255 3 
15 82278 1 
15 24905 1 
15 134975 1 
15 123682 1 
15 52848 3 
15 69622 1 
15 73830 1 
15 13326 1 
15 55601 1 
15 77417 1 
15 117435 1 
15 8756 1 
15 24669 1 
15 48375 2 
15 136425 1 
15 64632 2 
15 136652 1 
15 10990 1 
15 48480 1 
15 74069 1 
15 102347 1 
15 118560 1 
15 72393 1 
15 34052 1 
15 12687 1 
15 105868 1 
15 91248 1 
15 116051 1 
15 132509 1 
15 102464 1 
15 22918 1 
15 3199 2 
15 27558 1 
15 85974 1 
15 105909 1 
15 112531 1 
15 17387 1 
15 66900 1 
15 50978 3 
15 46246 3 
15 137898 3 
15 47882 1 
15 11824 1 
15 45678 1 
15 90088 2 
15 75240 4 
15 126480 1 
15 122212 2 
15 39381 1 
15 107954 4 
15 5262 3 
15 12481 1 
15 62502 1 
15 12542 1 
15 136668 1 
15 5153 2 
15 126978 1 
15 71078 1 
15 90227 1 
15 3775 1 
15 74043 1 
15 126773 1 
15 122320 1 
15 57507 1 
15 126132 1 
15 126027 1 
15 28810 1 
15 48568 2 
15 112779 1 
15 8472 1 
15 4138 1 
15 33097 1 
15 27087 1 
15 82606 1 
15 70935 1 
15 37222 1 
15 80508 1 
15 40680 1 
15 130508 1 
15 134858 1 
15 23945 1 
15 103027 1 
15 108109 1 
15 1633 1 
15 23872 1 
15 81447 1 
15 87812 1 
15 126515 1 
15 88554 4 
15 41508 1 
15 43562 1 
15 72605 1 
15 50853 2 
15 36801 1 
15 6982 1 
15 51470 1 
15 89461 1 
15 96569 2 
15 87872 1 
15 93778 1 
15 1704 1 
15 50190 2 
15 136133 1 
15 29965 1 
15 97283 1 
15 5516 1 
15 47782 1 
15 64343 1 
15 22593 1 
15 76893 1 
15 25011 1 
15 18651 1 
15 72178 1 
15 3291 1 
15 33354 1 
15 8434 1 
15 52122 1 
15 12724 1 
15 56612 2 
15 123096 1 
15 127726 1 
15 103637 1 
15 135924 1 
15 52960 1 
15 55519 2 
15 116681 1 
15 5997 1 
15 94413 3 
15 8233 1 
15 137228 1 
15 59410 1 
15 118104 2 
15 19624 1 
15 36238 1 
15 66240 1 
15 51588 1 
15 79009 1 
15 5285 1 
15 10120 1 
15 129309 1 
15 70826 1 
15 119247 1 
15 51390 1 
15 83698 1 
15 139986 1 
15 129434 2 
15 90062 1 
15 114310 2 
15 62333 1 
15 85498 1 
15 9070 1 
15 105672 1 
15 29565 1 
15 100013 1 
15 3894 1 
15 13638 1 
15 98212 1 
15 67664 1 
15 50727 1 
15 122437 1 
15 119610 1 
15 14489 1 
15 41654 1 
16 57966 1 
16 118161 1 
16 102356 2 
16 107639 2 
16 88317 1 
16 26427 1 
16 11000 1 
16 58231 2 
16 113646 1 
16 26210 1 
16 76837 1 
16 139429 1 
16 76073 1 
16 107410 1 
16 135800 1 
16 21151 1 
16 127735 1 
16 12553 1 
16 90088 1 
16 107548 1 
16 13860 1 
16 88151 1 
16 98503 1 
16 72069 1 
16 51836 1 
16 30893 1 
16 22628 1 
16 50190 1 
16 79382 1 
16 72107 1 
16 93900 1 
16 21229 1 
16 3199 1 
16 8543 1 
16 33848 2 
16 9781 1 
16 85974 1 
16 135924 1 
16 83150 1 
16 116332 1 
16 93550 1 
16 13482 1 
16 89407 1 
16 15681 1 
16 48961 1 
16 87626 1 
16 93299 1 
16 24043 1 
16 92515 1 
16 2690 1 
16 126879 1 
16 15051 1 
16 96345 1 
16 16235 1 
16 49443 1 
17 88554 3 
17 44766 2 
17 12481 1 
17 83753 1 
17 135151 1 
17 43450 1 
17 104656 1 
17 86779 1 
17 61934 1 
17 102666 1 
17 6613 1 
17 62384 2 
17 107725 1 
17 12599 1 
17 124022 1 
17 72625 1 
17 3199 1 
17 51397 1 
17 74548 1 
17 5153 4 
17 21229 2 
17 132403 1 
17 11124 1 
17 62520 1 
17 8543 1 
17 8026 1 
17 105129 3 
17 117428 1 
17 72372 1 
17 30472 1 
17 85713 1 
17 137675 1 
17 56846 1 
17 136670 1 
17 62333 1 
17 134693 1 
17 64632 1 
17 76856 1 
17 109841 1 
17 39601 1 
17 125205 1 
17 83755 1 
17 43367 1 
17 55612 1 
17 91781 1 
17 98212 3 
17 78771 1 
17 71042 1 
17 91486 1 
17 86281 1 
17 121374 1 
17 37308 1 
17 92057 1 
17 123311 1 
17 69754 1 
17 114310 1 
17 84959 1 
17 66398 1 
17 58869 1 
17 105236 1 
17 129434 2 
17 93778 1 
17 111821 1 
17 48529 1 
17 61946 1 
17 58477 1 
17 116404 1 
17 83150 1 
17 120270 1 
17 66512 1 
17 53840 1 
17 77968 1 
17 32895 1 
17 118492 1 
17 74704 1 
17 89461 1 
17 86050 1 
17 12521 1 
17 76682 1 
17 73076 1 
17 70826 1 
17 26048 1 
17 43167 1 
17 76893 1 
17 108599 1 
17 13563 1 
17 94541 1 
17 39372 1 
17 43680 1 
17 39457 1 
17 9329 1 
17 83552 1 
17 81049 1 
17 101716 1 
17 671 1 
17 70848 1 
17 64615 1 
17 35292 1 
17 118990 1 
17 59173 1 
17 114079 1 
17 106158 1 
17 29700 1 
17 36801 1 
18 58231 19 
18 86779 1 
18 36128 2 
18 15742 1 
18 22492 1 
18 83755 2 
18 92305 9 
18 87914 1 
18 107887 3 
18 25638 2 
18 128036 2 
18 14144 1 
18 107165 1 
18 115789 3 
18 26864 2 
18 9858 1 
18 20041 2 
18 41761 1 
18 117007 2 
18 84545 1 
18 118176 1 
18 89517 3 
18 119277 2 
18 87401 1 
18 114722 3 
18 95489 2 
18 135006 1 
18 92867 1 
18 103276 1 
18 32516 1 
18 136360 1 
18 102404 1 
18 109709 1 
18 9883 1 
18 66584 1 
18 15589 1 
18 9070 1 
18 133755 1 
18 40571 1 
18 67482 2 
18 10388 3 
18 23434 1 
18 47472 3 
18 49443 3 
18 107036 1 
18 62860 2 
18 30032 1 
18 59334 1 
18 131976 2 
18 11975 1 
18 5153 3 
18 2056 1 
18 110765 1 
18 35082 1 
18 91248 1 
18 128968 1 
18 41814 3 
18 103637 1 
18 88554 1 
18 105129 1 
18 26228 1 
18 71130 1 
18 82418 1 
18 128788 1 
18 23651 1 
18 60561 2 
18 125902 2 
18 34225 1 
18 48422 1 
18 112783 1 
18 102739 1 
18 97323 1 
18 101111 2 
18 115880 1 
18 34092 1 
18 69017 1 
18 75240 2 
18 118392 1 
18 85663 1 
18 109010 2 
18 13638 2 
18 67558 1 
18 32840 1 
18 42952 1 
18 98546 2 
18 33556 1 
18 83571 1 
18 19956 1 
18 90870 1 
18 119545 2 
18 75236 1 
18 48219 1 
18 45656 1 
18 21644 1 
18 90223 1 
18 113646 1 
18 129434 2 
18 53960 1 
18 41663 1 
18 49847 1 
18 137898 4 
18 104533 1 
18 137523 1 
18 18230 1 
18 76882 3 
18 78003 2 
18 94487 1 
18 30864 2 
18 5511 1 
18 106669 1 
18 30192 1 
18 112337 1 
18 9889 1 
18 80005 2 
18 137045 2 
18 117634 1 
18 69068 1 
18 103496 1 
18 6025 5 
18 93299 1 
18 33450 1 
18 6133 1 
18 61998 1 
18 27563 1 
18 83058 2 
18 123259 1 
18 108643 1 
18 69615 1 
18 66058 1 
18 69347 2 
18 77686 1 
18 67664 1 
18 8366 1 
18 58003 1 
18 47882 1 
18 53599 2 
18 51330 3 
18 49122 3 
18 63297 2 
18 66136 1 
18 66860 1 
18 123629 1 
18 71478 1 
18 104656 2 
18 130542 1 
18 65404 2 
18 60358 1 
18 74200 1 
18 76441 1 
18 67468 1 
18 125686 1 
18 126132 3 
18 85672 1 
18 61452 2 
18 116199 2 
18 42818 1 
18 59883 1 
18 114310 1 
18 707 1 
18 3761 2 
18 4023 1 
18 51407 1 
18 19928 1 
18 57507 1 
18 30457 1 
18 136668 1 
18 18308 3 
18 92637 1 
18 78182 1 
18 53840 1 
18 63660 2 
18 110044 1 
18 34266 1 
18 57125 1 
18 77813 1 
18 118275 2 
18 80320 1 
18 127001 1 
18 124424 1 
18 95792 1 
18 16941 1 
18 138755 1 
18 41378 1 
18 64388 1 
18 41930 1 
18 58780 1 
18 34977 1 
18 11373 1 
18 114122 2 
18 118990 2 
18 6737 1 
18 93900 1 
18 64791 1 
18 45705 1 
18 85800 1 
18 50853 1 
18 133942 1 
18 892 1 
18 36428 1 
18 43133 1 
18 125931 1 
18 10863 1 
18 115532 1 
18 73622 1 
18 107594 1 
18 25420 1 
18 95114 1 
18 135435 1 
18 104829 1 
18 109506 1 
18 58997 1 
18 27698 1 
18 98567 1 
18 71134 1 
18 77117 1 
18 88175 1 
18 106947 1 
18 126326 1 
18 48581 1 
18 26697 1 
18 76878 1 
18 54262 1 
18 2961 1 
18 94695 1 
18 34275 1 
18 72178 1 
18 43167 1 
18 132068 1 
18 98512 1 
18 84246 1 
18 105896 1 
18 24905 1 
18 94618 1 
18 65881 1 
18 87250 1 
18 32935 1 
18 50727 1 
18 9293 1 
18 27164 1 
18 43889 1 
18 5747 1 
18 45613 1 
18 73620 1 
18 46875 1 
18 1653 1 
18 35083 1 
18 33100 1 
18 19762 1 
18 2690 1 
18 125205 1 
18 86629 1 
18 72963 1 
18 11336 1 
18 13924 1 
18 73797 1 
18 4707 2 
18 81162 1 
18 58672 1 
18 124527 1 
18 82663 1 
18 64632 1 
18 104160 1 
18 134131 1 
18 93550 1 
18 117428 1 
18 74103 1 
18 62384 1 
18 50134 1 
18 30076 1 
18 136505 1 
18 19862 1 
18 119965 1 
19 20618 1 
19 75694 1 
19 892 1 
19 107954 1 
19 24905 1 
19 66073 1 
19 131452 1 
19 23576 1 
19 72352 1 
19 71120 1 
19 64804 1 
19 94981 1 
19 22231 1 
19 51330 1 
19 12697 1 
19 86281 1 
20 118040 1 
20 107659 1 
20 103722 1 
20 105951 1 
20 58231 3 
20 136668 1 
20 104037 1 
20 89517 1 
20 83698 1 
20 99570 1 
20 79778 1 
20 42818 1 
20 139142 1 
20 84162 1 
20 39076 1 
20 115789 1 
20 92125 1 
20 76854 1 
20 40244 1 
20 44426 1 
20 64615 1 
20 13210 1 
20 48573 1 
20 118990 1 
20 87003 1 
20 109598 1 
20 47098 1 
20 115930 1 
20 101271 1 
20 23107 2 
20 132881 1 
20 14187 1 
20 63403 1 
20 19047 1 
20 36562 1 
20 68159 1 
20 51588 1 
20 94336 1 
20 81741 1 
20 31284 1 
20 9889 1 
20 85800 1 
20 50853 1 
20 85322 2 
20 126132 1 
20 465 1 
20 62282 1 
20 49661 1 
20 103024 1 
20 101716 1 
20 98212 1 
20 97270 1 
20 39111 1 
20 5782 1 
20 94971 1 
20 89824 1 
20 33097 1 
20 92515 1 
20 131566 1 
20 129270 1 
20 139313 1 
21 27258 1 
21 111215 1 
21 117315 1 
21 84133 1 
21 133375 1 
21 63784 1 
21 100371 3 
21 80005 2 
21 62869 1 
21 25517 1 
21 54965 1 
21 106669 1 
21 106758 2 
21 22059 1 
21 113646 4 
21 129434 1 
21 70798 2 
21 44766 1 
21 78512 1 
21 108055 1 
21 66903 1 
21 107887 1 
21 64615 1 
21 6982 1 
21 55629 1 
21 40096 1 
21 103186 1 
21 22492 1 
21 3882 1 
21 31655 1 
21 59860 1 
21 510 1 
21 11178 1 
21 126129 1 
21 92100 1 
21 97054 1 
21 18313 1 
21 115789 2 
21 65021 1 
21 37869 1 
21 85314 1 
21 107803 1 
21 105948 1 
21 17778 1 
21 94474 1 
21 70913 1 
21 71078 1 
21 111020 1 
21 12144 1 
21 14144 1 
21 63170 1 
21 77417 1 
21 71134 1 
21 91557 1 
21 107154 1 
21 58231 1 
21 130140 2 
21 52313 1 
21 41427 1 
21 5153 1 
21 66445 2 
21 119610 1 
21 114079 1 
21 107838 1 
21 72352 1 
21 49443 1 
21 12812 1 
21 138241 1 
21 32497 1 
21 58456 1 
21 12697 1 
21 115003 1 
21 122437 1 
21 8314 1 
21 58048 1 
22 90090 2 
22 107954 4 
22 59132 1 
22 104887 1 
22 116563 4 
22 117907 1 
22 107721 2 
22 32935 2 
22 107887 1 
22 22391 1 
22 114310 1 
22 83183 4 
22 86177 2 
22 72178 2 
22 92125 1 
22 93550 1 
22 45886 1 
22 77417 2 
22 465 1 
22 33803 2 
22 41762 1 
22 21151 1 
22 133522 1 
22 51109 1 
22 125330 1 
22 7670 2 
22 51572 1 
22 136111 1 
22 102206 1 
22 36396 2 
22 43623 1 
22 135258 1 
22 5719 2 
22 107050 1 
22 98937 1 
22 40009 1 
22 5153 4 
22 32080 1 
22 10349 1 
22 56612 1 
22 61961 2 
22 10057 1 
22 107844 1 
22 87003 1 
22 8146 1 
22 65607 1 
22 13908 1 
22 64615 2 
22 120109 1 
22 104033 1 
22 85110 1 
22 41522 1 
22 80995 1 
22 18136 1 
22 126978 1 
22 32768 1 
22 13177 1 
22 19624 1 
22 102779 1 
22 106683 1 
22 117738 1 
22 35074 1 
22 133763 1 
22 15589 1 
22 58231 2 
22 15758 1 
22 105236 2 
22 46936 1 
22 59529 1 
22 38660 1 
22 24322 1 
22 112197 1 
22 93158 1 
22 115959 1 
22 87652 1 
22 33657 1 
22 86171 1 
22 2274 1 
22 36081 1 
22 6926 1 
22 33176 1 
22 15773 1 
22 5655 1 
22 105129 2 
22 85974 2 
22 59206 1 
22 96216 1 
22 106235 1 
22 69068 1 
22 125627 1 
22 112783 1 
22 78003 1 
22 32558 1 
22 129330 1 
22 46279 1 
22 56796 1 
22 34225 1 
22 63492 1 
22 16235 1 
22 93299 1 
22 49847 1 
22 88554 1 
22 99347 1 
22 85663 1 
22 136668 1 
22 56751 1 
22 14402 1 
22 11044 1 
22 16209 1 
23 21612 1 
23 11307 1 
23 72352 1 
23 79601 1 
23 85800 1 
23 50853 1 
23 100382 2 
23 51588 2 
23 50469 1 
23 57049 1 
23 124527 1 
23 52565 1 
23 47673 1 
23 6613 1 
23 63417 1 
23 72519 1 
23 42818 1 
23 125335 2 
23 17272 1 
23 55039 1 
23 69062 1 
23 66445 1 
23 59125 5 
23 5153 2 
23 112322 1 
23 121751 1 
23 80005 1 
23 88554 3 
23 11373 2 
23 39457 1 
23 15604 1 
23 781 1 
23 36801 1 
23 43450 1 
23 73207 1 
23 128837 1 
23 19945 1 
23 59132 1 
23 99160 1 
23 112069 1 
23 117346 1 
23 60901 1 
23 57721 1 
23 41762 1 
23 9889 1 
23 32935 1 
23 111857 1 
23 1084 1 
23 35216 1 
23 49443 2 
23 129434 2 
23 61946 2 
23 107558 1 
23 89517 1 
23 21151 1 
23 75240 1 
24 85495 1 
24 9070 1 
24 93550 2 
24 112113 1 
24 68269 1 
24 58231 2 
24 29755 2 
24 70826 1 
24 119247 1 
24 62333 1 
24 40451 1 
24 91821 1 
24 25998 1 
24 88708 1 
24 13661 2 
24 20429 2 
24 105129 1 
24 115789 1 
24 114310 1 
24 132403 1 
24 42448 1 
24 125258 1 
24 126886 1 
24 138291 1 
24 118104 1 
24 6025 1 
24 124486 1 
24 49443 1 
24 70395 1 
24 131949 1 
24 18808 1 
24 75240 1 
24 79576 1 
24 47548 1 
24 128837 1 
24 89200 1 
24 137675 1 
24 112954 1 
24 47527 1 
24 101207 1 
24 20850 1 
24 69138 1 
24 88554 1 
24 41762 1 
24 51330 1 
24 46757 1 
24 85800 1 
24 124817 1 
24 44742 1 
24 49122 1 
24 111361 1 
24 97248 1 
24 38099 1 
24 111383 1 
24 126978 1 
24 23974 1 
24 83039 1 
24 70902 1 
24 3761 1 
24 46897 1 
24 88125 1 
24 77993 1 
24 126192 1 
24 53537 1 
24 132632 1 
24 56926 1 
24 107803 1 
24 86177 1 
24 102445 1 
24 109084 1 
24 7867 1 
24 25011 1 
24 125686 1 
24 90062 1 
24 54157 1 
24 133771 1 
24 76478 1 
24 26391 1 
24 96526 1 
24 131411 1 
24 102606 1 
24 117389 1 
24 94697 1 
24 79327 1 
24 68862 1 
24 118178 1 
24 6088 1 
24 127735 1 
24 16530 1 
24 22918 1 
24 138074 1 
24 5153 3 
24 47617 1 
24 93864 1 
24 31687 1 
24 87708 1 
24 104160 2 
24 136975 1 
24 77393 1 
24 37988 1 
24 26427 1 
24 67664 1 
24 124559 1 
24 25277 3 
24 139263 1 
24 58672 1 
24 91174 1 
24 95871 1 
24 134268 1 
24 126132 1 
24 43450 1 
24 107954 1 
