0 64615 3 
0 76893 1 
0 73841 1 
0 129533 2 
0 104160 2 
0 58231 7 
0 13638 2 
0 73195 1 
0 121658 1 
0 41721 2 
0 44766 2 
0 92125 3 
0 136734 1 
0 131083 5 
0 71036 11 
0 18308 2 
0 19928 2 
0 123887 2 
0 66445 4 
0 98304 4 
0 63713 1 
0 707 1 
0 93299 3 
0 101083 3 
0 83171 1 
0 36396 1 
0 99237 5 
0 57861 1 
0 4167 2 
0 128837 1 
0 5153 3 
0 116906 1 
0 93158 1 
0 39372 2 
0 91633 1 
0 126978 1 
0 108124 2 
0 90145 2 
0 77417 2 
0 40774 1 
0 97340 1 
0 42975 1 
0 81803 1 
0 44428 1 
0 86630 1 
0 121769 2 
0 124797 1 
0 14373 1 
0 23651 1 
0 70786 1 
0 5916 1 
0 114310 1 
0 89517 4 
0 25011 1 
0 32509 1 
0 78632 1 
0 20893 8 
0 69754 2 
0 105571 1 
0 138658 2 
0 73565 1 
0 117428 2 
0 69068 3 
0 55408 2 
0 72923 2 
0 100374 2 
0 23590 1 
0 17043 1 
0 65758 1 
0 111375 1 
0 115570 1 
0 51246 2 
0 129735 6 
0 127240 1 
0 47250 1 
0 109370 5 
0 134168 1 
0 32161 1 
0 107887 3 
0 105005 1 
0 29604 1 
0 121637 1 
0 139947 1 
0 18548 1 
0 119892 1 
0 22379 1 
0 122445 1 
0 45360 1 
0 62633 2 
0 37392 1 
0 76878 2 
0 103637 1 
0 88554 4 
0 102064 1 
0 94600 1 
0 132987 1 
0 52923 1 
0 93032 1 
0 100817 1 
0 22231 1 
0 93616 1 
0 65895 1 
0 104115 1 
0 52060 1 
0 90077 1 
0 92878 1 
0 104013 1 
0 3199 1 
0 81934 1 
0 129971 1 
0 111176 1 
0 109010 3 
0 110256 1 
0 136167 1 
0 48927 1 
0 126027 2 
0 32428 1 
0 41932 1 
0 79338 1 
0 8157 1 
0 135439 1 
0 6812 1 
0 125914 1 
0 41762 1 
0 23974 1 
0 37687 1 
0 93817 1 
0 72917 1 
0 53495 1 
0 109037 1 
0 26107 1 
0 112137 1 
0 39164 2 
0 117492 1 
0 120279 1 
0 58997 1 
0 21205 1 
0 61705 1 
0 24339 1 
0 35976 1 
0 100859 1 
0 125422 1 
0 101375 1 
0 121751 1 
0 55956 1 
0 55394 1 
0 64192 1 
0 136975 2 
0 27391 1 
0 19971 1 
0 34092 1 
0 7867 4 
0 80005 1 
0 134478 1 
0 42818 1 
0 55642 1 
0 137045 1 
0 36128 1 
0 63686 1 
0 33940 2 
0 85659 1 
0 45134 1 
0 93947 1 
0 19956 1 
0 64190 1 
0 83698 1 
0 62060 1 
0 59173 1 
0 65146 2 
0 213 6 
0 130048 1 
0 61946 1 
0 82186 1 
0 57919 1 
0 130508 1 
0 81810 1 
0 16316 1 
0 32867 1 
0 97892 1 
0 34582 1 
0 85974 1 
0 97480 2 
0 36726 1 
0 128164 1 
0 60561 1 
0 112350 1 
0 88409 1 
0 123525 2 
0 26416 1 
0 6025 2 
0 82452 2 
0 93023 1 
0 59975 1 
0 133496 1 
0 107101 1 
0 37239 1 
0 7042 1 
0 111337 2 
0 59943 1 
0 83755 2 
0 113223 1 
0 11466 1 
0 30242 1 
0 57667 1 
0 124924 1 
0 117060 1 
0 113569 2 
0 125902 2 
0 94183 1 
0 132876 1 
0 116614 1 
0 42448 1 
0 136886 1 
0 1625 1 
0 44768 1 
0 81162 1 
0 114907 1 
0 4707 1 
0 55973 1 
0 83715 1 
0 117007 1 
0 3775 2 
0 109495 1 
0 117655 2 
0 47002 1 
0 67664 1 
0 35082 1 
0 93987 1 
0 19624 1 
0 109157 1 
0 75764 1 
0 110438 2 
0 94618 1 
0 112754 1 
0 106758 1 
0 96631 1 
0 43018 1 
0 34094 1 
0 125627 2 
0 66753 2 
0 61658 2 
0 6276 1 
0 114819 2 
0 96680 1 
0 67076 1 
0 116685 1 
0 40195 1 
0 68274 1 
0 20559 1 
0 62502 2 
0 77247 1 
0 117172 1 
0 86044 1 
0 7784 1 
0 85296 1 
0 99862 1 
0 59883 1 
0 95446 1 
0 83095 1 
0 98609 1 
0 20972 1 
0 17429 1 
0 102037 1 
0 66073 1 
0 127735 1 
0 134947 1 
0 59300 1 
0 127731 1 
0 107954 1 
0 59380 1 
0 62860 2 
0 12683 1 
0 111392 4 
0 90990 3 
0 36801 1 
0 61532 1 
0 90062 1 
0 102468 1 
0 49939 1 
0 43889 1 
0 86050 1 
0 49846 1 
0 133771 1 
0 49811 1 
0 133640 1 
0 112314 1 
0 135006 1 
0 108172 1 
0 70826 1 
0 15690 1 
0 45897 2 
0 77837 1 
0 109304 1 
0 2163 1 
0 116991 1 
0 55601 1 
0 15772 1 
0 128066 1 
0 112245 1 
0 126415 1 
0 105641 1 
0 63610 1 
0 64431 1 
0 82921 2 
0 52194 1 
0 126132 1 
0 65358 1 
0 114122 1 
0 9335 1 
0 135258 1 
0 109749 1 
0 75174 1 
0 109430 1 
0 124377 1 
0 51247 1 
0 52114 1 
0 43180 1 
0 74445 1 
0 64544 2 
0 50678 1 
0 109841 1 
0 110044 1 
0 98513 1 
0 46491 1 
0 88991 1 
0 109496 1 
0 14971 1 
0 119922 1 
0 119001 1 
0 101908 1 
0 116120 1 
0 19535 1 
0 112091 1 
0 24905 1 
0 104140 1 
0 58810 1 
0 95643 1 
0 70935 1 
0 128561 1 
0 75151 1 
0 7440 1 
0 4808 1 
0 55010 1 
0 137474 1 
0 75725 1 
0 110528 1 
0 119355 1 
0 3135 1 
0 49333 1 
0 76970 1 
0 96911 1 
0 121911 1 
0 97088 1 
0 69902 1 
0 1549 1 
1 136668 1 
1 98304 1 
1 134132 2 
1 107954 4 
1 892 1 
1 5585 1 
1 66073 1 
1 80616 1 
1 47782 1 
1 117428 1 
1 134947 1 
1 44766 2 
1 89461 1 
1 104160 1 
1 129533 1 
1 130947 1 
1 126480 1 
1 82663 1 
1 33523 1 
1 13638 1 
1 127735 1 
1 18308 1 
1 35470 1 
1 88554 2 
1 4703 1 
1 58231 1 
1 98512 1 
1 69068 1 
1 74935 1 
1 105129 1 
1 29533 1 
1 16336 1 
1 3775 1 
1 106235 1 
1 56171 1 
1 6737 1 
1 136425 1 
1 32428 1 
1 50264 1 
1 225 1 
1 23414 1 
1 70798 1 
1 55318 1 
1 56612 1 
1 64632 2 
1 39164 2 
1 26306 1 
1 45360 1 
1 52197 1 
1 109010 1 
1 96532 1 
1 90062 1 
1 33940 1 
1 19535 1 
1 93299 1 
1 63949 1 
1 87003 1 
1 31352 1 
1 54075 1 
1 64615 3 
1 77270 1 
1 119930 1 
1 84904 1 
1 70464 1 
1 55926 1 
1 100371 1 
1 20721 1 
1 101375 1 
1 45678 1 
1 134867 1 
1 118990 1 
1 78003 1 
1 66445 1 
2 99079 1 
2 37869 1 
2 70798 1 
2 124412 1 
2 20466 1 
2 38973 1 
2 58231 2 
2 33745 1 
2 48523 1 
2 130484 1 
2 121755 1 
2 53840 1 
2 36128 1 
2 40978 1 
2 41725 3 
2 11786 3 
2 52704 1 
2 44766 1 
2 124624 1 
2 14144 1 
2 69754 1 
2 136886 1 
2 64615 2 
2 31352 1 
2 129297 1 
2 126480 1 
2 37677 1 
2 134123 1 
2 24857 1 
2 125902 2 
2 106693 1 
2 39164 1 
2 27558 1 
2 124817 1 
2 20878 2 
2 75574 1 
2 65881 1 
2 113783 1 
2 53291 1 
2 121611 1 
2 99463 1 
2 61447 1 
2 85877 1 
2 111821 1 
2 77993 1 
2 52103 1 
2 33568 1 
2 111548 1 
2 5153 3 
2 92613 1 
2 138450 1 
2 43889 1 
2 9289 1 
2 129434 1 
2 93778 1 
2 137045 1 
2 53537 1 
2 30839 2 
2 43124 1 
2 31518 1 
2 139554 1 
2 51025 1 
2 60924 1 
2 50512 1 
2 19956 1 
2 66142 1 
2 25439 1 
2 59206 1 
2 75240 1 
2 109010 1 
2 99080 1 
2 114310 1 
2 80172 1 
2 13770 1 
2 81195 1 
2 91614 1 
2 73076 1 
2 136430 1 
2 103027 1 
2 81491 1 
2 124897 1 
2 18893 1 
2 3135 1 
2 6611 1 
2 88554 1 
2 26864 1 
2 77417 2 
2 75535 1 
2 51400 2 
2 34965 1 
2 93879 1 
2 66407 1 
2 97417 1 
2 34973 1 
2 131976 2 
2 33962 1 
2 83361 1 
2 89750 1 
2 96592 1 
2 60745 1 
2 10990 1 
2 131324 1 
2 119079 1 
2 69875 1 
2 110528 1 
2 107844 1 
2 106268 1 
2 89700 1 
2 9820 1 
2 88687 1 
2 101078 1 
2 19928 1 
2 129734 1 
2 63199 1 
2 87273 2 
2 103795 1 
2 20691 1 
2 22231 1 
2 50858 1 
2 56329 1 
2 753 1 
3 45618 1 
3 107954 2 
3 126978 1 
3 85800 1 
3 67076 1 
3 96263 5 
3 39292 1 
3 89461 1 
3 29755 1 
3 99977 1 
3 59173 1 
3 89517 2 
3 36801 2 
3 48768 1 
3 64615 1 
3 98212 1 
3 135258 1 
3 20618 1 
3 85457 1 
3 95858 2 
3 112390 2 
3 61161 1 
3 26286 2 
3 36128 1 
3 58231 2 
3 123259 1 
3 69068 1 
3 55973 1 
3 100371 1 
3 26610 1 
3 90227 1 
3 4959 1 
3 6613 2 
3 138496 1 
3 136547 1 
3 6511 1 
3 47472 1 
3 75893 1 
3 62333 1 
3 130308 1 
3 139764 2 
3 111375 1 
3 43133 1 
3 91633 1 
3 80005 1 
3 5153 1 
3 71042 1 
3 91486 1 
3 72178 1 
3 3775 1 
3 56612 1 
3 124052 1 
3 88554 3 
3 44766 1 
3 130542 2 
3 16185 1 
3 45499 1 
3 50264 1 
3 65881 1 
3 6025 2 
3 17464 1 
3 117428 1 
3 73481 1 
3 124897 1 
3 99237 1 
3 70115 1 
3 67664 2 
3 104656 1 
3 32088 2 
3 37811 1 
3 110180 2 
3 123360 2 
3 85394 1 
3 109841 1 
3 43889 1 
3 77417 1 
3 53668 1 
3 73962 1 
3 41427 1 
3 128225 2 
3 47125 1 
3 118104 1 
3 71130 1 
3 103099 1 
3 111884 1 
3 9889 1 
3 130622 1 
3 42612 1 
3 22842 1 
3 39381 1 
3 26864 1 
3 69615 1 
3 21817 1 
3 51470 1 
3 54121 1 
3 129772 1 
3 42818 1 
3 35470 1 
3 114310 1 
3 113766 1 
4 31694 1 
4 87946 1 
4 132987 1 
4 45566 3 
4 124656 1 
4 47823 1 
4 73797 2 
4 30300 1 
4 42893 1 
4 76255 1 
4 82278 1 
4 59860 1 
4 70870 1 
4 51470 1 
4 75151 2 
4 94474 1 
4 113900 1 
4 114458 1 
4 129792 1 
4 30218 1 
4 1454 1 
4 125993 2 
4 121964 1 
4 1870 2 
4 29022 1 
4 136670 1 
4 72947 1 
4 11044 2 
4 126326 1 
4 59173 2 
4 95930 1 
4 54093 1 
4 104115 1 
4 31655 1 
4 43952 1 
4 91252 1 
4 51347 2 
4 14893 1 
4 77993 1 
4 50978 2 
4 136015 1 
4 42054 1 
4 66900 1 
4 92398 1 
4 64842 1 
4 3797 1 
4 23287 1 
4 133650 1 
4 104431 1 
4 18808 1 
4 58231 5 
4 62333 1 
4 46037 1 
4 34605 1 
4 140084 1 
4 43985 1 
4 14327 1 
4 113156 1 
4 64260 1 
4 103722 1 
4 73947 1 
4 111821 1 
4 85974 2 
4 93778 1 
4 30336 1 
4 23974 1 
4 21569 1 
4 38099 2 
4 43018 1 
4 33913 1 
4 33535 1 
4 125205 1 
4 22231 1 
4 44124 1 
4 103315 1 
4 118741 1 
4 104656 1 
4 129807 1 
4 33397 1 
4 12392 1 
4 55222 1 
4 88554 1 
4 35954 1 
4 137045 1 
4 60 1 
4 54295 1 
4 114040 1 
4 45705 1 
4 23961 1 
4 2274 1 
4 80005 1 
4 76878 1 
4 95598 1 
4 112091 1 
4 10031 1 
4 2044 1 
4 94537 1 
4 65038 1 
4 23523 1 
4 70826 1 
4 122557 1 
4 123519 1 
4 126480 1 
4 64615 1 
4 28765 1 
4 101375 1 
4 121963 1 
4 1581 1 
4 1130 1 
4 125686 1 
4 6611 1 
4 30124 1 
4 106857 1 
4 101064 1 
4 52781 1 
4 67664 1 
4 76879 1 
4 68984 1 
4 131306 1 
4 39791 1 
4 46936 1 
4 123989 1 
4 74946 1 
4 138716 1 
4 76462 1 
4 30449 1 
4 76854 1 
4 2496 1 
4 56260 1 
4 22598 1 
4 54121 1 
4 114829 1 
4 83698 1 
4 62858 1 
4 118452 2 
4 107803 1 
4 74955 1 
4 24026 1 
4 135626 1 
5 23945 1 
5 105665 1 
5 80295 1 
5 23651 1 
5 136975 1 
5 70913 1 
5 90223 1 
5 43124 1 
5 119965 1 
5 79053 1 
5 8146 1 
5 58231 2 
5 51330 1 
5 11124 1 
5 20637 1 
5 61330 1 
5 98968 1 
5 138816 1 
5 70826 1 
5 78771 1 
5 72178 1 
5 92125 1 
5 12144 1 
5 36801 1 
6 113156 1 
6 103360 1 
6 58231 6 
6 892 1 
6 94695 1 
6 99570 1 
6 64828 1 
6 128837 1 
6 22407 1 
6 86561 1 
6 86070 1 
6 73565 3 
6 36966 3 
6 119115 3 
6 109920 1 
6 136276 1 
6 126099 1 
6 120944 1 
6 118104 2 
6 71461 1 
6 109821 1 
6 73062 1 
6 31499 2 
6 23974 1 
6 121255 1 
6 40979 1 
6 139923 1 
6 96898 1 
6 134847 1 
6 41762 1 
6 71804 2 
6 33556 1 
6 9889 2 
6 138355 1 
6 111383 1 
6 819 1 
6 98035 1 
6 107887 4 
6 30770 1 
6 93980 1 
6 4655 1 
6 42612 1 
6 117004 1 
6 62333 2 
6 128587 1 
6 56199 1 
6 88409 1 
6 35216 1 
6 85610 1 
6 11887 1 
6 41378 1 
6 120270 1 
6 131707 1 
6 92253 1 
6 45613 1 
6 58013 1 
6 83940 1 
6 6099 1 
6 48494 1 
6 30907 1 
6 93146 1 
6 101375 1 
6 83698 1 
6 92878 1 
6 45721 1 
6 27157 1 
6 80005 1 
6 129736 1 
6 46360 1 
6 132309 1 
6 121437 1 
6 111024 1 
6 36509 1 
6 15075 1 
6 55601 1 
6 117007 1 
6 74075 1 
6 125284 1 
6 23868 1 
6 34092 1 
6 93168 1 
6 33940 1 
6 89471 1 
6 20285 1 
6 85800 1 
6 67076 1 
6 95377 1 
6 76115 1 
6 26864 2 
6 126480 1 
6 54262 1 
6 2961 3 
6 104223 1 
6 13336 2 
6 97270 1 
6 64615 1 
6 104656 2 
6 118972 1 
6 126132 1 
6 47250 1 
6 91248 2 
6 115682 1 
6 78419 1 
6 114310 1 
6 113942 1 
6 39020 1 
6 30457 1 
6 116245 1 
6 11000 2 
6 76893 1 
6 100817 1 
6 137875 1 
6 38665 1 
6 26306 1 
6 83933 1 
6 50190 1 
6 51081 1 
6 61934 1 
6 119455 1 
6 25309 1 
6 99264 1 
6 136355 1 
6 66900 1 
6 77993 1 
6 32 1 
6 74868 1 
6 1249 1 
6 116051 1 
6 109084 1 
6 26541 1 
6 53668 1 
6 5183 1 
6 100225 1 
6 112091 1 
6 19971 1 
6 106740 1 
6 83755 1 
6 64632 1 
6 94618 1 
6 129725 1 
6 98370 1 
6 107954 1 
7 85800 1 
7 32935 2 
7 50853 2 
7 134932 1 
7 59428 6 
7 88554 5 
7 115789 3 
7 29604 2 
7 109010 1 
7 64615 5 
7 37451 1 
7 30472 1 
7 103099 1 
7 45532 1 
7 76878 1 
7 58231 3 
7 11975 1 
7 56514 1 
7 105129 2 
7 136670 1 
7 44782 1 
7 85663 1 
7 43889 1 
7 20811 1 
7 14144 2 
7 76826 1 
7 81103 1 
7 51330 2 
7 1719 2 
7 81310 2 
7 129533 1 
7 114310 1 
7 63484 1 
7 12521 1 
7 46040 1 
7 131566 1 
7 86804 1 
7 81494 1 
7 94474 1 
7 126132 1 
7 98212 1 
7 47647 1 
7 67853 1 
7 96532 1 
7 52137 1 
7 36081 1 
7 83146 1 
7 61672 1 
7 107954 3 
7 104656 1 
7 5356 1 
7 90182 1 
7 8088 2 
7 23974 1 
7 104118 1 
7 135258 1 
7 59216 1 
7 23244 1 
7 21229 1 
7 97807 1 
7 133063 1 
7 63444 1 
7 68397 1 
7 123803 2 
7 33940 1 
7 29399 2 
7 43680 2 
7 122827 1 
7 39632 1 
7 116134 1 
7 100013 1 
7 84312 1 
7 41762 1 
7 76893 1 
7 47472 1 
7 43167 1 
7 18308 1 
7 4703 1 
7 17175 1 
7 39164 1 
7 47114 1 
7 129434 2 
7 13638 1 
7 49847 1 
7 8972 1 
7 102469 1 
7 69068 1 
7 106158 1 
7 99347 1 
8 892 1 
8 118452 1 
8 87003 1 
8 51330 1 
8 128450 1 
8 138186 1 
8 39632 1 
8 35976 1 
8 5907 1 
8 6613 1 
8 96345 1 
8 858 1 
8 111821 1 
8 30907 2 
8 131452 2 
8 9725 2 
8 104160 1 
8 18308 1 
8 88554 1 
8 4703 1 
8 43680 1 
8 100371 1 
8 105129 1 
8 45176 1 
8 109010 1 
8 30740 1 
8 42893 1 
8 64632 1 
8 136432 1 
8 21151 1 
8 31672 1 
8 9214 1 
9 48886 1 
9 81901 1 
9 10100 2 
9 116782 1 
9 103711 1 
9 65869 1 
9 129350 2 
9 105129 3 
9 67664 1 
9 50853 1 
9 858 1 
9 107954 1 
9 49847 1 
9 93550 1 
9 111383 1 
9 133872 1 
9 20601 1 
9 86751 1 
9 136111 1 
9 17449 1 
9 112322 1 
9 103099 1 
9 68829 1 
9 88687 1 
9 4637 1 
9 60191 1 
9 36396 1 
9 102064 1 
9 79755 1 
9 70798 1 
9 32097 1 
9 46940 1 
9 3682 1 
9 75318 1 
9 42612 1 
9 77417 1 
9 101375 1 
9 41814 1 
9 59125 1 
9 23294 1 
9 20618 1 
9 14144 1 
9 5521 1 
9 3775 1 
9 103517 1 
9 132987 1 
9 14423 1 
9 85974 1 
9 64432 1 
10 44766 2 
10 14144 2 
10 25111 2 
10 103099 1 
10 98212 1 
10 45703 1 
10 41762 1 
10 123172 2 
10 16798 1 
10 120092 1 
10 93132 1 
10 70913 1 
10 89932 1 
10 120846 1 
10 29084 1 
10 79369 1 
10 43133 1 
10 36238 1 
10 66860 1 
10 2690 1 
10 6025 2 
10 118868 1 
10 41378 1 
10 83325 1 
10 56084 1 
10 15690 1 
10 42876 1 
10 58231 2 
10 32935 1 
10 135258 2 
10 33940 1 
10 1653 2 
10 136668 1 
10 138794 1 
10 138366 1 
10 129434 1 
10 112530 2 
10 74725 2 
10 103024 1 
10 84133 1 
10 38833 1 
10 135151 1 
10 89517 2 
10 19535 1 
10 78877 1 
10 76893 1 
10 72682 1 
10 96532 1 
10 29077 1 
10 38425 1 
10 69801 1 
10 12883 1 
10 80885 1 
10 29755 1 
10 114819 1 
10 54075 1 
10 6604 1 
10 25420 3 
10 101204 3 
10 112674 3 
10 129297 1 
10 51470 1 
10 70826 1 
10 5153 1 
10 127759 1 
10 465 1 
10 78748 1 
10 63388 1 
10 48568 1 
10 99455 1 
10 60529 1 
10 9276 1 
10 1719 1 
10 88687 1 
10 134123 1 
10 58089 1 
11 22165 1 
11 67734 1 
11 8538 3 
11 30864 3 
11 88175 1 
11 41306 1 
11 125848 1 
11 95836 1 
11 79369 1 
11 109288 1 
11 13336 1 
11 59883 1 
11 135924 1 
11 59206 1 
11 34830 1 
11 29565 1 
11 114310 1 
11 51588 1 
11 94172 2 
11 16519 1 
11 132878 1 
11 127310 1 
11 71691 1 
11 50978 1 
11 90182 1 
11 127753 1 
11 107627 1 
11 115510 1 
11 43889 2 
11 92514 1 
11 14144 1 
11 5153 1 
11 87250 1 
11 93299 1 
11 6613 1 
11 139979 1 
11 83753 1 
11 37682 1 
11 57526 1 
11 73437 1 
11 1241 1 
11 33657 2 
11 93989 1 
11 15742 1 
11 132343 1 
11 10696 1 
11 37978 1 
11 9127 1 
11 54383 1 
11 57975 1 
11 85459 1 
11 6025 1 
11 85713 1 
11 19986 1 
11 134437 1 
11 23523 1 
11 36783 1 
11 118782 1 
11 137404 1 
11 42448 1 
11 111383 1 
11 117172 1 
11 107887 1 
11 64615 1 
11 38604 1 
11 58231 1 
11 76856 1 
11 35288 1 
11 75793 1 
11 98304 1 
11 14401 1 
11 66398 1 
12 68270 1 
12 29604 3 
12 70798 1 
12 41378 3 
12 4703 1 
12 124767 5 
12 68187 1 
12 25313 1 
12 31977 2 
12 104807 6 
12 81895 1 
12 21151 1 
12 122437 1 
12 58231 6 
12 109010 2 
12 32509 1 
12 119483 2 
12 137085 3 
12 1994 1 
12 91201 1 
12 130238 1 
12 26786 1 
12 23550 1 
12 19782 4 
12 65824 1 
12 43605 4 
12 44728 1 
12 61374 2 
12 96951 1 
12 103367 1 
12 126978 1 
12 137562 1 
12 74467 1 
12 139344 1 
12 107577 1 
12 73719 2 
12 133522 1 
12 45613 1 
12 49203 1 
12 91064 1 
12 35438 1 
12 127759 1 
12 133946 1 
12 114625 1 
12 64791 1 
12 68626 1 
12 83831 1 
12 26151 1 
12 95207 2 
12 74999 1 
12 93299 2 
12 114095 1 
12 37332 1 
12 103549 1 
12 12812 1 
12 42818 1 
12 83085 1 
12 88554 1 
12 77253 1 
12 50813 1 
12 122954 1 
12 113533 1 
12 105896 2 
12 9820 1 
12 107954 1 
12 106268 2 
12 64216 2 
12 49443 3 
12 18590 1 
12 80005 3 
12 92762 1 
12 37771 1 
12 135924 1 
12 26067 1 
12 106079 1 
12 59173 2 
12 72331 1 
12 90252 1 
12 38016 1 
12 51588 1 
12 100163 1 
12 6062 1 
12 81123 1 
12 31950 2 
12 3775 1 
12 91613 1 
12 14913 2 
12 17778 2 
12 123350 1 
12 7753 2 
12 115191 1 
12 125335 2 
12 71898 2 
12 72830 1 
12 106529 1 
12 99737 1 
12 107887 2 
12 64615 4 
12 72178 1 
12 2277 1 
12 102280 1 
12 62384 1 
12 126132 1 
12 132403 1 
12 47430 1 
12 78240 1 
12 139070 1 
12 36772 1 
12 42448 2 
12 98212 2 
12 111383 1 
12 125205 1 
12 64671 2 
12 86226 1 
12 98512 2 
12 76101 1 
12 102206 1 
12 134685 1 
12 38761 1 
12 122715 1 
12 133650 1 
12 28929 1 
12 109254 1 
12 107440 1 
12 113182 1 
12 71960 1 
12 77589 1 
12 86398 1 
12 125371 2 
12 114819 3 
12 48686 2 
12 55926 1 
12 78632 1 
12 87003 2 
12 138586 1 
12 8322 1 
12 14990 1 
12 83221 1 
12 121260 1 
12 111020 1 
12 67664 2 
12 5945 1 
12 102313 1 
12 54157 1 
12 69068 1 
12 114310 1 
12 131976 1 
12 112091 1 
12 105292 1 
12 48457 2 
12 105868 1 
12 124554 2 
12 120972 1 
12 28721 1 
12 12599 1 
12 523 1 
12 129725 1 
12 101375 1 
12 51247 1 
12 130622 1 
12 89569 1 
12 43889 1 
12 54816 1 
12 46668 1 
12 129447 1 
12 25111 1 
12 86804 1 
12 3741 1 
12 22339 1 
12 5906 1 
12 130564 1 
12 14672 1 
12 5516 1 
12 64343 1 
12 127735 2 
12 44307 1 
12 14144 2 
12 117428 1 
12 58810 1 
12 21687 1 
12 437 1 
12 70826 1 
12 66860 1 
12 106917 2 
12 37869 1 
12 6025 2 
12 131651 3 
12 55514 1 
12 23651 1 
12 57447 1 
12 22521 1 
12 263 1 
12 124845 1 
12 67495 1 
12 120933 1 
12 19979 1 
12 52090 1 
12 90457 1 
12 18585 1 
12 15494 1 
12 86652 1 
12 8354 1 
12 29525 1 
12 130308 1 
12 113646 1 
12 116247 1 
12 110005 1 
12 115003 1 
12 77417 1 
12 66445 1 
12 90191 1 
12 42054 1 
12 12259 1 
12 102468 1 
12 18378 1 
12 7956 1 
12 112200 1 
12 44026 1 
12 139525 1 
12 128429 1 
12 24339 1 
12 16530 1 
12 135072 1 
12 39164 1 
12 137898 1 
12 50864 1 
12 46405 1 
12 101590 1 
12 23782 1 
12 104656 1 
12 47753 1 
12 100623 1 
12 39663 1 
12 6535 1 
12 93145 1 
12 28495 1 
12 106231 1 
12 32840 2 
12 36975 1 
12 99278 1 
12 38099 1 
12 35216 1 
12 83039 1 
12 51586 1 
12 63783 1 
12 98516 1 
12 81463 1 
12 26427 1 
12 9070 1 
12 62502 1 
12 105820 1 
12 45287 1 
13 30472 1 
13 90482 1 
13 104033 1 
13 56329 1 
13 21124 1 
13 82212 1 
13 84943 4 
13 36801 2 
13 101934 1 
13 65736 1 
13 25509 2 
13 6982 1 
13 76186 1 
13 5252 1 
13 95600 1 
13 123375 1 
13 21204 1 
13 32134 1 
13 134753 1 
13 74999 1 
13 87003 1 
13 85974 1 
13 123803 1 
13 36814 1 
13 64671 1 
13 106327 2 
13 101466 1 
13 103975 1 
13 126132 1 
13 113646 1 
13 709 1 
13 41814 2 
13 116272 1 
13 106339 1 
13 127943 1 
13 99801 1 
13 73141 1 
13 107990 1 
13 8993 1 
13 76837 1 
13 47782 1 
13 85495 1 
13 47114 1 
13 104160 1 
13 126978 1 
13 92744 1 
13 105320 1 
13 52185 1 
13 51588 1 
13 74931 1 
13 47098 1 
13 34114 1 
13 46632 1 
13 6025 1 
13 90191 1 
13 17814 1 
13 5800 1 
13 20691 1 
13 71461 1 
13 129162 1 
13 3426 1 
13 23974 1 
13 57227 1 
13 137249 1 
13 5153 1 
13 52923 1 
13 107954 1 
13 80921 1 
13 32407 1 
13 80628 1 
13 26350 1 
13 114122 1 
13 26864 1 
13 109506 1 
13 108503 1 
13 90227 1 
13 42818 1 
13 122539 1 
14 70335 2 
14 49771 2 
14 122243 1 
14 114689 1 
14 108571 1 
14 122235 1 
14 44596 1 
14 59173 2 
14 16228 2 
14 41536 1 
14 18035 2 
14 94697 1 
14 5872 1 
14 55056 1 
14 9599 1 
14 105745 1 
14 10990 1 
14 69602 1 
14 36781 1 
14 105343 1 
14 125981 1 
14 55733 1 
14 66669 1 
14 56387 1 
14 135519 1 
14 133522 1 
14 40838 1 
14 3199 1 
14 72175 1 
14 42612 1 
14 102666 1 
14 75151 1 
14 109486 1 
14 17751 1 
14 95038 1 
14 3503 1 
14 70826 1 
14 39888 1 
14 22687 1 
14 44799 1 
14 85075 1 
14 64451 1 
14 79854 1 
14 136790 1 
14 118609 1 
14 38288 1 
14 79369 1 
14 92624 1 
14 33940 1 
14 58231 1 
14 24657 1 
14 5516 1 
14 86171 1 
14 136111 1 
14 100754 1 
14 80180 1 
14 87040 1 
14 41721 1 
14 44766 1 
14 135924 1 
14 131487 1 
14 55292 1 
14 103637 1 
14 88554 1 
14 52923 1 
14 29788 1 
14 85800 1 
14 50853 1 
14 85495 1 
14 17033 1 
14 64615 1 
14 77968 1 
14 104160 1 
14 14489 1 
14 43452 1 
14 106158 1 
14 76548 1 
15 30127 1 
15 68829 1 
15 81162 3 
15 107887 3 
15 94618 1 
15 111917 1 
15 75303 19 
15 124448 1 
15 88554 3 
15 77270 1 
15 101082 1 
15 111176 1 
15 122437 1 
15 58231 10 
15 23437 1 
15 116991 3 
15 49443 2 
15 71659 1 
15 109010 2 
15 114122 1 
15 41378 2 
15 17596 1 
15 44979 1 
15 48671 1 
15 117428 3 
15 69502 1 
15 96532 1 
15 80393 1 
15 43684 1 
15 51960 1 
15 52595 2 
15 112337 1 
15 78003 1 
15 16195 1 
15 14144 4 
15 118104 1 
15 67664 1 
15 129725 1 
15 62860 3 
15 21612 2 
15 107954 2 
15 58835 1 
15 90975 1 
15 33940 2 
15 90077 1 
15 6310 1 
15 40784 1 
15 112492 1 
15 48219 1 
15 27532 3 
15 9889 2 
15 112091 4 
15 42818 2 
15 44134 1 
15 892 1 
15 16610 1 
15 76284 1 
15 40691 1 
15 32057 1 
15 89517 1 
15 5153 5 
15 104160 1 
15 86970 1 
15 37579 1 
15 87506 1 
15 105129 2 
15 107042 1 
15 87447 1 
15 89471 1 
15 100283 1 
15 44248 2 
15 39457 1 
15 86779 2 
15 40174 1 
15 60039 1 
15 67231 1 
15 97248 1 
15 84748 1 
15 35216 1 
15 59173 1 
15 63764 1 
15 71125 1 
15 13336 1 
15 80005 2 
15 32428 1 
15 72178 2 
15 85610 1 
15 51221 1 
15 120317 1 
15 135006 1 
15 40978 1 
15 66445 1 
15 78439 1 
15 114029 1 
15 43124 1 
15 60421 1 
15 107003 2 
15 18948 1 
15 64615 1 
15 104656 1 
15 62333 1 
15 96166 1 
15 43889 1 
15 110877 1 
15 25326 2 
15 94697 1 
15 6025 1 
15 30770 1 
15 67687 1 
15 707 1 
15 44726 1 
15 97797 1 
15 92134 1 
15 3761 1 
15 106158 1 
15 137839 1 
15 11000 1 
15 76970 1 
15 120270 1 
15 95460 1 
15 101816 1 
15 106231 1 
15 101391 1 
15 93550 2 
15 128497 1 
15 6982 2 
15 98304 2 
15 41814 2 
15 102326 1 
15 45703 1 
15 39292 1 
15 5356 1 
15 56944 1 
15 108874 1 
15 40148 1 
15 8366 1 
15 40838 1 
15 72449 1 
15 46441 1 
15 40697 1 
15 64632 3 
15 93864 1 
15 58658 1 
15 88096 1 
15 26864 1 
15 62537 1 
15 129434 1 
15 113646 1 
15 111328 1 
15 127820 1 
15 59161 1 
15 22918 1 
15 116563 1 
15 91248 2 
15 116051 2 
15 52781 1 
15 56612 1 
15 33677 1 
15 32867 1 
15 56257 1 
15 32008 1 
15 53066 1 
15 83039 1 
15 79778 1 
15 97142 1 
15 128608 1 
15 33097 2 
15 67853 1 
15 5719 1 
15 93315 1 
15 9674 1 
15 12812 4 
15 98961 1 
15 27164 1 
15 107844 1 
15 35470 1 
15 124897 1 
15 43367 1 
15 17429 1 
15 123408 1 
15 39022 1 
15 115581 1 
15 72595 1 
15 124008 1 
15 129983 1 
15 42249 1 
15 45086 1 
15 76856 1 
15 19762 1 
15 50906 1 
15 40631 1 
15 26543 1 
15 36396 1 
15 48975 1 
15 38259 1 
15 79619 1 
15 59894 1 
15 54564 1 
15 103752 1 
15 98822 1 
15 54295 1 
15 4703 1 
15 107831 1 
15 125205 1 
15 71120 1 
15 30188 1 
15 6276 1 
15 79338 1 
15 22533 1 
15 101375 1 
15 7965 1 
15 111167 1 
15 103722 1 
15 48886 1 
15 16737 1 
15 98275 1 
15 50466 1 
15 126978 1 
15 92125 1 
16 5153 3 
16 136668 2 
16 107954 2 
16 115003 2 
16 71130 1 
16 104160 2 
16 36128 1 
16 111821 2 
16 30336 1 
16 7077 2 
16 25623 2 
16 107887 2 
16 98897 1 
16 55222 1 
16 114310 1 
16 110497 1 
16 42893 3 
16 86822 1 
16 44454 1 
16 39507 1 
16 67664 1 
16 50853 1 
16 88554 1 
16 69068 2 
16 28404 1 
16 76893 1 
16 85974 2 
16 50190 1 
16 133619 1 
16 45703 1 
16 703 1 
16 128714 1 
16 132149 1 
16 110846 1 
16 126978 1 
16 18085 1 
16 92637 1 
16 31290 1 
16 63300 1 
16 138011 1 
16 105129 1 
16 101351 1 
16 41762 1 
16 21817 1 
16 36885 1 
16 14979 1 
16 26543 1 
16 36396 1 
16 124032 1 
16 134953 1 
16 12481 1 
16 88891 1 
16 9070 1 
16 5235 1 
16 98512 1 
17 30135 1 
17 85495 1 
17 107954 6 
17 32935 2 
17 64343 1 
17 122437 2 
17 64791 1 
17 129404 1 
17 9335 1 
17 84947 1 
17 111821 1 
17 124663 1 
17 78419 1 
17 26864 1 
17 88554 3 
17 104160 2 
17 41378 1 
17 18308 1 
17 80149 1 
17 76854 1 
17 58231 1 
17 137368 2 
17 38906 1 
17 137328 1 
17 100063 1 
17 80005 2 
17 3199 1 
17 117827 1 
17 115581 1 
17 99570 1 
17 83698 1 
17 93550 1 
17 90062 1 
17 109283 1 
17 38747 1 
17 47114 1 
17 43450 1 
17 51330 1 
17 5831 1 
17 31601 1 
17 90893 1 
17 16467 1 
17 43562 1 
17 4707 1 
17 51109 1 
17 101716 1 
17 45360 1 
17 98005 1 
17 77270 2 
17 57920 1 
17 87990 1 
17 78512 1 
17 29604 1 
17 39632 1 
17 28876 1 
17 102932 1 
17 59860 1 
17 6109 1 
17 15690 1 
17 78870 1 
17 84894 1 
17 27859 1 
17 83496 1 
17 70392 1 
17 44766 1 
17 106231 1 
17 112470 1 
17 93615 1 
17 127731 1 
17 138716 1 
17 71030 1 
17 47647 1 
17 48634 1 
17 89461 1 
17 126132 1 
17 7278 1 
17 120306 1 
17 84312 1 
17 29427 1 
17 92125 1 
17 25037 1 
17 128241 1 
17 137860 1 
18 42975 1 
18 103916 1 
18 51572 2 
18 34627 1 
18 16930 1 
18 52504 1 
18 18199 1 
18 89075 1 
18 31782 1 
18 125914 1 
18 19085 1 
18 34106 1 
18 128208 1 
18 28495 1 
18 103760 1 
18 27408 1 
18 64615 1 
18 41378 2 
18 104115 1 
18 37606 1 
18 65312 1 
18 43059 1 
18 128519 2 
18 4707 1 
18 9619 1 
18 137467 1 
18 5511 1 
18 36458 1 
18 54265 1 
18 34092 1 
18 58231 2 
18 107986 2 
18 35074 1 
18 25793 1 
18 139107 1 
18 66445 1 
18 93023 1 
18 59975 1 
18 50530 1 
18 76826 1 
18 126480 1 
18 9889 1 
18 129736 1 
18 55567 1 
18 70066 1 
18 49565 1 
18 29077 1 
18 107591 1 
18 117683 1 
18 25984 1 
18 72963 1 
18 134737 1 
18 18853 1 
18 105757 1 
19 134953 1 
19 66860 1 
19 118972 1 
19 89517 1 
19 99570 2 
19 58780 1 
19 14181 1 
19 107954 3 
19 5719 1 
19 72080 1 
19 858 1 
19 90771 1 
19 5773 1 
19 70798 2 
19 17465 1 
19 40235 1 
19 122539 1 
19 1683 1 
19 107887 3 
19 135911 1 
19 130308 1 
19 7440 1 
19 22231 1 
19 128137 1 
19 71606 1 
19 85259 2 
19 70434 1 
19 112492 1 
19 77993 2 
19 81238 1 
19 88554 2 
19 69068 1 
19 72595 1 
19 126066 1 
19 7867 1 
19 6025 2 
19 13232 1 
19 70667 1 
19 96345 1 
19 113099 1 
19 6613 1 
19 98304 1 
19 3199 1 
19 48948 1 
19 94741 1 
19 48908 1 
19 122506 1 
19 7753 1 
19 25638 1 
19 81426 1 
19 138638 1 
19 19535 1 
19 85322 1 
19 33940 1 
19 136425 1 
19 114313 1 
19 111548 1 
19 29755 1 
19 51330 1 
19 36020 1 
19 26864 1 
19 124527 1 
19 53291 1 
19 85974 2 
19 87198 1 
19 22918 1 
19 76878 1 
19 8763 1 
19 21569 1 
19 124663 1 
19 80005 1 
19 114079 1 
19 87003 1 
19 45705 1 
19 64615 1 
19 95626 1 
20 7388 1 
20 131189 2 
20 82186 1 
20 67059 1 
20 41958 1 
20 43889 3 
20 50782 1 
20 136902 1 
20 55222 1 
20 18948 1 
20 38306 1 
20 12481 1 
20 93550 1 
20 129740 1 
20 115789 1 
20 46847 1 
20 82182 1 
20 97145 1 
20 100371 1 
20 70705 1 
20 65035 2 
20 36396 1 
20 88554 2 
20 41508 1 
20 112137 1 
20 82663 1 
20 6025 1 
20 48219 1 
20 77993 1 
20 91366 1 
20 63199 1 
20 21229 1 
20 35124 1 
20 136430 1 
20 119255 1 
20 6613 1 
20 101716 1 
20 103637 1 
20 66445 1 
20 71130 1 
20 111821 1 
20 69068 1 
20 106669 1 
20 13336 2 
20 18308 1 
20 98304 1 
20 36128 1 
20 111176 2 
20 109010 1 
20 122557 1 
20 45613 1 
20 116325 1 
20 58231 2 
20 5153 2 
20 64615 1 
20 85974 1 
20 118990 1 
20 59173 1 
20 79369 1 
20 125335 1 
20 105665 1 
20 93897 1 
20 108585 1 
20 80295 1 
20 59132 1 
20 62018 1 
20 42818 1 
20 51960 1 
20 42209 1 
20 92125 1 
20 36801 1 
20 98212 1 
20 104160 1 
20 63521 1 
21 109010 1 
21 58231 2 
21 23860 1 
21 135258 1 
21 67664 1 
21 105129 1 
21 47430 1 
21 71429 1 
21 101058 1 
21 48175 1 
21 127929 2 
21 49866 2 
21 90447 1 
21 86177 1 
21 94697 1 
21 108606 1 
21 121826 1 
21 126132 1 
21 69938 1 
21 64909 2 
21 94600 1 
21 58593 1 
21 103276 1 
21 88554 2 
21 98405 1 
21 13266 1 
21 127791 1 
21 100371 1 
21 5153 1 
21 108575 1 
21 124656 1 
21 93778 1 
21 6025 2 
21 49084 1 
21 129945 1 
21 124637 1 
21 80362 1 
21 59173 1 
21 109496 1 
21 108121 1 
21 39457 2 
21 118844 1 
21 128732 1 
21 104656 1 
21 103496 1 
21 26048 1 
21 43889 1 
21 46572 1 
21 61934 1 
21 23144 1 
21 139378 1 
21 132306 2 
21 51246 2 
21 127735 1 
21 18308 1 
21 10056 1 
21 131976 1 
21 11975 1 
21 75240 1 
21 36726 1 
21 49847 1 
21 90724 1 
21 104160 1 
21 107954 1 
22 12812 8 
22 71224 1 
22 64909 1 
22 105129 2 
22 30941 1 
22 107887 1 
22 102711 1 
22 59203 1 
22 107373 1 
22 89307 1 
22 17778 2 
22 76939 3 
22 130787 1 
22 101111 2 
22 79926 2 
22 120944 1 
22 86226 1 
22 121826 1 
22 9070 1 
22 102206 1 
22 86779 1 
22 100371 2 
22 87914 1 
22 68865 1 
22 34882 1 
22 40449 1 
22 34659 1 
22 121374 1 
22 8538 1 
22 114122 1 
22 29604 1 
22 136668 2 
22 18308 4 
22 19147 1 
22 21226 1 
22 26695 1 
22 18270 1 
22 140091 1 
22 76878 1 
22 56199 1 
22 98212 1 
22 5153 1 
22 115789 2 
22 111375 4 
22 82080 1 
22 102546 1 
22 51513 1 
22 69068 1 
22 125205 1 
22 95453 1 
22 132403 1 
22 53185 2 
22 109257 1 
22 74999 1 
22 45549 1 
22 19624 1 
22 5516 2 
22 858 2 
22 91504 1 
22 52185 1 
22 121751 1 
22 119195 2 
22 727 2 
22 47114 1 
22 17411 1 
22 28011 1 
22 130571 1 
22 45886 1 
22 87902 1 
22 30242 1 
22 139378 1 
22 96532 1 
22 28765 1 
22 53786 1 
22 52781 1 
22 3775 2 
22 80005 3 
22 43889 2 
22 29922 1 
22 52782 1 
22 123803 1 
22 59883 1 
22 138616 1 
22 6025 5 
22 139922 1 
22 5801 1 
22 83477 1 
22 7964 1 
22 36020 1 
22 105761 1 
22 18401 1 
22 55926 1 
22 116541 1 
22 27083 1 
22 35629 1 
22 69426 1 
22 25610 1 
22 92452 1 
22 45613 1 
22 3059 1 
22 94620 1 
22 32259 1 
22 49847 1 
22 62563 1 
22 104211 1 
22 136425 1 
22 64632 1 
22 36781 1 
22 66884 1 
22 62333 1 
22 105371 1 
22 51109 1 
22 5945 1 
22 67767 1 
22 104160 1 
22 106758 1 
22 42448 1 
22 14966 1 
22 87003 1 
22 53659 1 
22 47548 1 
22 103276 1 
22 129452 1 
22 43428 1 
22 116325 1 
22 19007 1 
22 117007 1 
22 109370 1 
22 9413 1 
22 40860 1 
22 13638 1 
22 111020 1 
22 43133 1 
22 67664 1 
22 96775 1 
22 103159 1 
22 136244 1 
22 110332 1 
22 29756 1 
22 39945 1 
22 52524 1 
22 126683 1 
22 51246 1 
22 21220 1 
22 133966 1 
22 138766 1 
22 21229 1 
22 133522 1 
22 35470 1 
22 70826 1 
22 62869 1 
22 83755 1 
22 25326 1 
22 113760 1 
22 74917 1 
22 127735 1 
22 79382 1 
22 130508 1 
22 44444 1 
22 132854 1 
22 118346 1 
22 24876 1 
22 92161 1 
22 114663 1 
23 41119 1 
23 25998 1 
23 29755 1 
23 107954 9 
23 93222 1 
23 111392 1 
23 32008 1 
23 44979 1 
23 48671 1 
23 5153 3 
23 64615 6 
23 70798 1 
23 79602 1 
23 97766 1 
23 47894 3 
23 83718 1 
23 47472 1 
23 16737 1 
23 111020 1 
23 36801 4 
23 45613 1 
23 90227 1 
23 85495 5 
23 85800 3 
23 32935 3 
23 50853 3 
23 132403 2 
23 96680 1 
23 25326 1 
23 136670 1 
23 107887 2 
23 14170 1 
23 104656 1 
23 111911 1 
23 50974 1 
23 88554 1 
23 16467 1 
23 134753 1 
23 66689 1 
23 85974 1 
23 123803 1 
23 59836 1 
23 25638 1 
23 104160 2 
23 111821 1 
23 134947 1 
23 13563 1 
23 38761 1 
23 130308 1 
23 45705 1 
23 41762 1 
23 76893 1 
23 17918 1 
23 101375 1 
23 43133 1 
23 4620 1 
23 139263 1 
23 81463 1 
23 19535 3 
23 76878 1 
23 23437 1 
23 88687 1 
23 125902 1 
23 6025 2 
23 85322 1 
23 133360 1 
23 126132 1 
23 57919 1 
23 70826 1 
23 78771 1 
23 122301 1 
23 14757 1 
23 12852 1 
23 50727 1 
23 135006 1 
23 6737 1 
23 112921 1 
23 94469 2 
23 81122 2 
23 22059 1 
23 118104 1 
23 37027 1 
23 25809 1 
23 89015 1 
23 33191 1 
23 134308 1 
23 124663 1 
23 56612 1 
23 18308 1 
23 10056 1 
23 69068 1 
23 92637 1 
23 82129 1 
23 71130 1 
23 135258 1 
23 58231 1 
23 74917 1 
23 93032 1 
23 30117 1 
23 81162 1 
23 858 1 
24 41119 2 
24 58231 2 
24 108121 1 
24 12481 3 
24 93980 1 
24 98512 1 
24 93900 1 
24 113034 1 
24 6613 3 
24 117004 1 
24 86779 1 
24 83753 1 
24 13622 1 
24 133360 1 
24 35216 1 
24 130819 1 
24 30242 1 
24 75240 1 
24 107887 3 
24 19824 1 
24 116241 1 
24 34968 1 
24 132189 1 
24 94054 1 
24 788 1 
24 58625 1 
24 10216 1 
24 111821 1 
24 36275 1 
24 35764 1 
24 120270 1 
24 88702 1 
24 113182 1 
24 103722 1 
24 103752 1 
24 69068 1 
24 67664 1 
24 124817 1 
24 74999 1 
24 93299 1 
24 127731 1 
24 110395 1 
24 63764 1 
24 14144 1 
24 91782 1 
24 64615 1 
24 73062 1 
24 99783 1 
24 88554 1 
24 105129 1 
24 4703 1 
24 2875 1 
24 100330 2 
24 78863 1 
24 83039 1 
24 55778 1 
24 65723 1 
24 45027 1 
24 103276 1 
24 62338 1 
24 106754 1 
24 110332 1 
24 35976 1 
24 7440 1 
24 109384 1 
24 48927 1 
24 64671 1 
24 29533 1 
24 69142 1 
24 3420 1 
